0.619144
-7.30818
1.09745
-11.0972
1.41359
-7.92566
1.50241
-12.251
-0.968099
-20.5842
1.12249
-7.99531
1.09972
-12.3335
-1.58766
-20.6609
0.21732
-7.83572
-0.112371
-12.0538
-3.28222
-19.8999
0.223245
-7.96762
-0.105643
-12.2445
-3.37127
-20.284
-0.0681729
0.021454
-0.0179722
-0.438383
0.17022
-1.86165
0.614096
-4.14869
-0.0672791
0.0195459
-0.0498066
-0.415829
0.0532262
-1.82024
0.464755
-4.09033
0.340793
-7.12489
-0.0668148
0.0203999
-0.055773
-0.429328
0.0639447
-1.85529
0.481126
-4.14762
0.204465
-7.32324
-0.0667363
0.0187105
-0.0640205
-0.403245
-0.00116105
-1.79447
0.377044
-4.05062
0.228553
-6.93762
-0.0672185
0.0177325
-0.0587918
-0.390357
0.00322205
-1.75753
0.376026
-3.97506
0.4084
-6.61546
-0.066575
0.0189338
-0.0670261
-0.407099
-0.0682223
0.0222259
-0.0159398
-0.453632
0.178275
-1.88944
0.626373
-4.18902
0.384566
-7.52351
0.164526
-11.6021
-2.56207
-19.0352
-0.0704319
0.0234085
0.0328896
-0.4729
0.312522
-1.91894
0.794658
-4.21239
0.725836
-7.62543
0.542748
-11.7964
-2.37596
-19.5308
-0.0700422
0.0233806
0.0252484
-0.472772
0.293511
-1.92028
0.771068
-4.21538
0.66988
-7.62888
0.457633
-11.7998
-2.51346
-19.5169
-0.069703
0.0233507
0.0191215
-0.473314
0.277213
-1.92478
0.750559
-4.22403
0.618797
-7.64273
0.391846
-11.8139
-2.61343
-19.5217
-0.0949919
-11.4193
-2.90343
-18.5735
-0.0687749
0.0212813
-0.00885351
-0.442557
0.194084
-1.86896
0.646253
-4.1551
-0.247131
-11.435
-3.21414
-18.5418
-0.10913
-0.387552
-0.172517
-1.76601
0.0565927
-4.0049
-0.0159044
-0.405301
0.150064
-1.78398
0.612989
-4.0179
0.846396
-6.92681
0.028103
-0.358252
0.273249
-1.62956
0.796527
-3.74734
0.0159369
-0.35956
0.235788
-1.63802
0.00930919
-0.340435
0.211336
-1.57684
0.017259
-0.347303
0.236531
-1.59377
-0.0381488
-0.470949
0.120706
-1.9425
-0.100279
-0.389792
-0.136967
-1.77018
0.134005
-4.01736
-0.29657
-6.65977
-0.206485
-11.6319
-3.23883
-18.9694
0.585685
-7.95683
0.339292
-12.2552
-0.0629489
0.0228714
-0.137356
-0.47783
-0.154948
-1.99063
0.201658
-4.35863
-0.662302
-7.83378
-1.45457
-12.0177
-6.54484
-19.3726
1.02968
-7.69862
0.976521
-11.9205
-1.69311
-19.8847
-0.114142
-11.6334
-3.05057
-19.0095
-0.0619154
0.0227807
-0.165885
-0.478846
-0.240231
-2.00466
0.0894143
-4.38883
-0.917391
-7.87495
-1.81755
-12.0611
-7.50988
-19.3377
0.946438
-7.58378
0.862423
-11.7504
-1.82981
-19.5284
-0.0650245
0.0185006
-0.101996
-0.402141
-0.119387
-11.8402
-3.1696
-19.4418
-0.0647778
0.0187384
-0.105619
-0.405009
-0.137058
-1.81254
0.154477
-4.09621
-0.391867
-7.00547
-1.39986
-12.5
-6.5608
-20.5322
-0.0654512
0.0187534
-0.0910631
-0.404928
-0.0859173
-1.80617
0.242494
-4.08094
-0.161696
-6.99457
-1.22347
-12.4765
-6.10714
-20.5204
-0.06508
0.0200516
-0.0938393
-0.423927
-0.0778678
-1.85562
0.286895
-4.15918
-0.185645
-7.28433
0.100081
-10.8601
-1.13767
-12.2218
-5.83088
-19.9537
-0.0636753
0.0195912
-0.129604
-0.419403
-0.063872
0.0229175
-0.113037
-0.476128
-0.0834196
-1.97696
0.29478
-4.33274
-0.449465
-7.79558
-1.15227
-11.9793
-5.79639
-19.3898
-0.0647461
0.022063
-0.0926621
-0.451533
-0.0328046
-1.90257
0.350079
-4.23476
-0.303267
-7.58231
-0.0645321
0.022937
-0.0977708
-0.474837
-0.0406083
-1.96893
0.351781
-4.32043
-0.310554
-7.7798
-0.949705
-11.9568
-5.28806
-19.4
-0.0647202
0.0217693
-0.0919564
-0.444523
-0.0338623
-1.88273
-1.63682
-12.0684
-7.02878
-19.4173
-0.0635475
0.0199819
-0.131583
-0.425324
-0.19761
-1.86124
0.0886414
-4.19832
-0.694113
-7.33922
-0.761834
-10.9094
0.000137707
-0.401461
0.196589
-1.76874
0.685791
-3.98751
-0.0135797
-0.411147
0.159433
-1.79777
0.624386
-4.04263
0.797509
-7.03173
0.0520077
-0.474477
0.363881
-1.917
0.857165
-4.20291
0.873836
-7.61691
0.760198
-11.7901
-1.99716
-19.5704
0.0399639
-0.400977
0.313884
-1.75474
0.860397
-3.95244
0.0390551
-0.424395
0.316861
-1.81302
0.837819
-4.05589
1.09725
-7.20753
0.040695
-0.420152
0.320392
-1.80226
0.847792
-4.03743
0.0393037
-0.359006
0.308055
-1.62905
0.844189
-3.74812
0.0321964
-0.359966
0.285133
-1.63308
0.81407
-3.75458
0.0362716
-0.342837
0.297338
-1.5782
0.0377488
-0.337599
0.300683
-1.55972
