0.273234
-5.54628
0.0981821
-9.18837
0.352147
-5.63155
0.22532
-9.33574
0.494522
-2.30264
0.928301
-5.60406
1.12287
-9.3262
-1.29917
-18.6698
0.510517
-2.30212
0.981917
-5.60761
1.21024
-9.33238
-1.0704
-18.7454
0.437598
-2.30419
0.714225
-5.59197
0.797179
-9.30353
-1.88359
-18.5483
0.442863
-2.31839
0.734143
-5.65282
0.827708
-9.39201
-1.84729
-18.7357
0.270672
-2.33228
0.127198
-5.63832
-0.0884423
-9.33315
-3.51951
-18.3401
0.264925
-2.30818
0.113152
-5.54893
-0.107181
-9.19109
-3.42804
-17.9721
0.165791
-2.26038
-0.239133
-5.3548
-0.0699109
0.0183236
-0.00259369
-0.409143
0.352196
-2.06447
-0.0698067
0.017745
-0.00471773
-0.39813
0.344175
-2.036
-0.0657795
0.0210873
-0.0726415
-0.457382
0.197918
-2.21261
0.0847328
-5.10231
-0.0660751
0.0192452
-0.0731626
-0.430799
0.177391
-2.14481
-0.0670306
0.022363
-0.0419586
-0.472667
0.275466
-2.23179
-0.0662104
0.0223664
-0.0567844
-0.471807
0.244409
-2.23544
-0.0693393
0.0240378
0.00096513
-0.495369
0.36219
-2.25752
0.44784
-5.39939
0.377903
-8.986
-2.62534
-17.6169
-0.0633242
0.0181641
-0.129923
-0.41292
-0.0652951
0.0186997
-0.0889531
-0.421231
0.122548
-2.12226
-0.0636267
0.0188324
-0.122221
-0.42622
-0.0707581
0.0239492
0.024578
-0.490845
0.404705
-2.24289
0.601778
-5.36344
0.624625
-8.94141
-2.09569
-17.6171
-0.0672714
0.0231482
-0.0370039
-0.483185
0.287499
-2.24942
0.216041
-5.33991
0.0892396
-8.8583
-2.72567
-17.1654
-0.0669764
0.0238663
-0.0417857
-0.496808
0.281811
-2.27669
0.188319
-5.43742
0.0379954
-9.01519
-2.93571
-17.5491
-0.0672371
0.0222608
-0.0387418
-0.471209
0.282274
-2.22787
0.22114
-5.23814
-0.0702729
0.0187347
0.0044027
-0.41647
0.369567
-2.08128
-0.0700791
0.0175489
0.000529796
-0.395178
-0.0675711
0.0213324
-0.0388319
-0.459856
0.278555
-2.20435
0.384934
-5.10628
-0.0688917
0.0174463
-0.0206137
-0.394003
-0.0677519
0.0173303
-0.042606
-0.39489
-0.0682617
0.017333
-0.0327196
-0.394601
-0.0677047
0.0191546
-0.0429278
-0.428303
-0.0682929
0.0202814
-0.0291959
-0.444465
0.297367
-2.16468
-0.0686151
0.0192684
-0.0260617
-0.428956
-0.0688051
0.0220605
-0.0144301
-0.468723
0.332922
-2.21369
0.514472
-5.1882
-0.063163
0.0196104
-0.128442
-0.437589
0.0267975
-2.18772
-0.508747
-4.8185
-0.355603
-5.11447
-0.152196
-8.09542
-0.0641061
0.0199653
-0.108489
-0.442214
0.091893
-2.1917
-0.254435
-4.90481
-0.209607
-8.8744
-3.38904
-17.0576
-0.0619244
0.0239963
-0.138394
-0.504117
0.0911288
-2.32467
-0.514585
-5.55704
-1.12861
-9.17479
-6.67046
-17.3778
-0.0604465
0.0239641
-0.169429
-0.505843
0.0259009
-2.34074
-0.742397
-5.59415
-1.47773
-9.21692
-7.95688
-17.2988
-0.141731
-5.19441
0.0026692
-8.39275
-0.0646341
0.0196531
-0.099119
-0.437262
0.112529
-2.17393
-0.122352
-4.80446
-0.140029
-8.87422
-3.20849
-17.0991
-0.0607487
0.0239851
-0.163203
-0.505867
0.0389865
-2.33878
-0.697311
-5.58998
-1.40697
-9.21284
-7.65544
-17.3248
-0.304072
-5.13974
-0.151238
-8.20185
-0.13999
-9.03092
-3.33697
-17.5189
-0.0623824
0.0212328
-0.138926
-0.461318
0.0396206
-2.24965
-0.564475
-5.19826
-0.670604
-8.29754
-0.0644748
0.0205146
-0.0991652
-0.449724
0.124958
-2.20555
-0.161992
-5.01507
-1.27049
-9.21804
-7.16966
-17.4154
-0.0629153
0.0239628
-0.118032
-0.502045
0.132879
-2.31305
-0.367637
-5.52874
-0.904815
-9.14339
-5.93931
-17.4127
-0.893171
-9.3262
-5.98754
-17.9729
-0.0635716
0.0239321
-0.105403
-0.500531
0.158239
-2.30711
-0.271653
-5.51691
-0.753344
-9.12491
-5.43607
-17.4322
-0.956324
-9.51982
-6.27114
-18.5262
-1.08887
-9.53945
-6.7261
-18.5344
