4238	 0	 1403715579.712143	 0.373380	 -0.009632	 531.945740	244.150589
4238	 0	 1403715580.012143	 0.821850	 0.168401	 682.907471	312.931274
4219	 0	 1403715579.712143	 0.931557	 -0.443476	 701.578979	89.767273
4219	 0	 1403715580.012143	 1.024239	 -0.408226	 726.698792	105.632500
4219	 0	 1403715580.462143	 0.785966	 -0.494052	 659.548035	65.241165
4216	 0	 1403715579.712143	 0.727027	 -0.492409	 642.515564	62.540592
4216	 0	 1403715580.012143	 0.822988	 -0.449463	 672.310852	82.326324
4216	 0	 1403715580.462143	 0.635928	 -0.512629	 613.345886	50.616848
4207	 0	 1403715579.712143	 0.091059	 -0.380281	 407.237122	81.747688
4207	 0	 1403715580.012143	 0.217216	 -0.309691	 462.942780	112.311676
4207	 0	 1403715580.462143	 0.225558	 -0.328336	 466.197235	104.733032
4205	 0	 1403715579.712143	 0.095222	 -0.472958	 408.176971	45.552856
4205	 0	 1403715580.012143	 0.220579	 -0.405016	 462.611084	73.753777
4205	 0	 1403715580.462143	 0.203993	 -0.421347	 455.285980	67.026497
4136	 0	 1403715578.512143	 0.366254	 -0.092819	 528.652771	207.596008
4136	 0	 1403715578.812143	 0.155067	 -0.317030	 435.900879	108.377861
4136	 0	 1403715579.112143	 0.073200	 -0.250391	 400.149902	136.058197
4136	 0	 1403715579.412143	 0.066273	 -0.094293	 397.496429	205.419785
4139	 0	 1403715578.512143	 0.255277	 0.144078	 481.519684	312.704773
4139	 0	 1403715578.812143	 -0.023477	 -0.190539	 356.559875	162.153625
4139	 0	 1403715579.112143	 -0.162062	 -0.167120	 294.015778	173.118942
4139	 0	 1403715579.412143	 -0.167464	 -0.002955	 291.014069	247.036636
4139	 0	 1403715579.712143	 0.177811	 0.119144	 447.727142	302.167145
4140	 0	 1403715578.512143	 0.197633	 0.038056	 456.833038	265.583954
4140	 0	 1403715578.812143	 -0.056940	 -0.266247	 341.640778	129.149124
4140	 0	 1403715579.112143	 -0.140508	 -0.237599	 304.141266	142.038910
4140	 0	 1403715579.412143	 -0.141841	 -0.092621	 302.687286	206.366013
4140	 0	 1403715579.712143	 0.082027	 -0.020210	 404.760895	239.152161
4141	 0	 1403715578.512143	 0.187897	 0.247797	 451.101746	358.684204
4141	 0	 1403715578.812143	 -0.103196	 -0.119961	 320.220001	193.908997
4141	 0	 1403715579.112143	 -0.271429	 -0.115296	 245.729080	196.931061
4141	 0	 1403715579.412143	 -0.304742	 0.059185	 231.164581	274.728119
4141	 0	 1403715579.712143	 0.098951	 0.250725	 411.687744	360.732483
4142	 0	 1403715578.512143	 0.247759	 0.369210	 474.831146	408.284607
4142	 0	 1403715578.812143	 -0.073870	 -0.047675	 333.408936	226.622131
4142	 0	 1403715579.112143	 -0.262615	 -0.041016	 249.136292	229.993774
4142	 0	 1403715579.412143	 -0.306335	 0.177455	 231.533615	326.752075
4142	 0	 1403715579.712143	 0.225311	 0.477075	 463.016968	450.645844
4143	 0	 1403715578.512143	 0.167862	 0.220071	 442.575134	346.887146
4143	 0	 1403715578.812143	 -0.120053	 -0.141573	 312.688660	184.267639
4134	 0	 1403715578.512143	 0.372380	 -0.188655	 529.948486	166.191193
4134	 0	 1403715578.812143	 0.166466	 -0.402555	 439.652618	73.742470
4134	 0	 1403715579.112143	 0.089398	 -0.306281	 407.062378	112.272552
4134	 0	 1403715579.412143	 0.085488	 -0.157425	 406.068604	177.041519
4134	 0	 1403715579.712143	 0.208565	 -0.160920	 461.022339	176.218155
4134	 0	 1403715580.012143	 0.355602	 -0.083959	 524.355042	211.395615
4134	 0	 1403715580.462143	 0.399957	 -0.118932	 542.011902	196.566757
4147	 0	 1403715578.512143	 0.646710	 -0.335476	 625.388123	114.895218
4147	 0	 1403715578.812143	 0.440327	 -0.510619	 546.213989	41.460396
4147	 0	 1403715579.112143	 0.359355	 -0.365591	 520.582458	92.833366
4147	 0	 1403715579.412143	 0.348874	 -0.193994	 520.292908	163.521591
4147	 0	 1403715579.712143	 0.448342	 -0.232532	 558.959778	149.244827
4147	 0	 1403715580.012143	 0.544627	 -0.181045	 595.687561	172.681015
4147	 0	 1403715580.462143	 0.445027	 -0.238941	 557.538574	146.513718
4148	 0	 1403715578.512143	 0.598327	 -0.332012	 609.660278	114.283638
4148	 0	 1403715578.812143	 0.397471	 -0.509901	 530.251709	39.881485
4148	 0	 1403715579.112143	 0.321128	 -0.368300	 505.138641	90.682480
4148	 0	 1403715579.412143	 0.311953	 -0.198672	 504.936737	160.937576
4148	 0	 1403715579.712143	 0.409027	 -0.234956	 543.661133	147.340271
4148	 0	 1403715580.012143	 0.502089	 -0.182728	 580.247192	171.100723
4148	 0	 1403715580.462143	 0.411729	 -0.235576	 544.708191	147.141617
4149	 0	 1403715578.512143	 0.556218	 -0.328296	 595.432129	114.112297
4149	 0	 1403715578.812143	 0.363108	 -0.512942	 517.011597	37.431957
4149	 0	 1403715579.112143	 0.288353	 -0.377350	 491.497101	86.238358
4149	 0	 1403715579.412143	 0.279855	 -0.212218	 491.220245	154.630005
4149	 0	 1403715579.712143	 0.373136	 -0.244688	 529.187805	142.492722
4149	 0	 1403715580.012143	 0.469210	 -0.189823	 567.829773	167.478531
4149	 0	 1403715580.462143	 0.387518	 -0.236750	 535.110962	146.123795
4276	 0	 1403715580.012143	 0.225902	 0.007428	 469.347137	251.727661
4276	 0	 1403715580.462143	 0.317290	 -0.007130	 508.698395	245.213867
4150	 0	 1403715578.512143	 0.440984	 -0.071376	 558.629761	217.503128
4150	 0	 1403715578.812143	 0.206210	 -0.340442	 457.712524	99.426727
4150	 0	 1403715579.112143	 0.121189	 -0.265090	 421.485474	130.024002
4150	 0	 1403715579.412143	 0.116602	 -0.104340	 420.324402	200.993546
4277	 0	 1403715580.012143	 0.149867	 -0.000449	 435.517517	248.173187
4277	 0	 1403715580.462143	 0.242045	 0.000553	 476.416199	248.628815
4168	 0	 1403715578.812143	 -0.356193	 -0.031943	 209.574585	234.290939
4168	 0	 1403715579.112143	 -0.616010	 -0.058069	 112.282616	224.448059
4168	 0	 1403715579.412143	 -0.806287	 0.130748	 55.087868	298.899719
4176	 0	 1403715578.812143	 0.166665	 -0.131491	 442.688446	189.010239
4176	 0	 1403715579.112143	 0.032669	 -0.094203	 382.156342	205.419983
4176	 0	 1403715579.412143	 0.064540	 0.110409	 396.681396	298.635315
4176	 0	 1403715579.712143	 0.533047	 0.258320	 589.648560	355.879089
4179	 0	 1403715578.812143	 0.413481	 0.132383	 547.241333	305.859100
4179	 0	 1403715579.112143	 0.280383	 0.216319	 491.405731	343.916534
4179	 0	 1403715579.412143	 0.351799	 0.533867	 511.912598	467.339752
4180	 0	 1403715578.812143	 0.345248	 0.125047	 519.736816	303.465576
4180	 0	 1403715579.112143	 0.205052	 0.199312	 459.138428	337.467377
4181	 0	 1403715578.812143	 0.308076	 0.232310	 502.800262	350.325134
4181	 0	 1403715579.112143	 0.155881	 0.322326	 436.210205	390.627808
4182	 0	 1403715578.812143	 0.352662	 0.193794	 521.871216	333.123169
4182	 0	 1403715579.112143	 0.206545	 0.288295	 458.694122	375.692657
4171	 0	 1403715578.812143	 0.041906	 -0.499681	 385.154114	35.152935
4171	 0	 1403715579.112143	 -0.026367	 -0.412981	 355.685852	68.321892
4166	 0	 1403715578.812143	 -0.306552	 -0.044510	 230.346085	228.569656
4166	 0	 1403715579.112143	 -0.544521	 -0.066468	 137.107178	220.395981
4166	 0	 1403715579.412143	 -0.685127	 0.111245	 90.471786	293.220276
4166	 0	 1403715579.712143	 -0.270000	 0.445941	 252.221527	437.767456
4260	 0	 1403715580.012143	 0.170180	 -0.098824	 444.418671	203.678955
4260	 0	 1403715580.462143	 0.236066	 -0.102988	 473.484467	202.156433
4234	 0	 1403715579.712143	 0.349872	 -0.465372	 513.609863	54.262264
4234	 0	 1403715580.012143	 0.442945	 -0.410344	 551.355957	78.327126
4116	 0	 1403715578.512143	 -0.282318	 -0.268797	 243.099899	130.566498
4116	 0	 1403715578.812143	 -0.514502	 -0.538273	 162.987747	35.389084
4116	 0	 1403715579.112143	 -0.580680	 -0.509770	 138.957596	48.633244
4116	 0	 1403715579.412143	 -0.579242	 -0.422878	 135.106918	79.467949
4116	 0	 1403715579.712143	 -0.526963	 -0.378918	 151.241577	93.571930
4116	 0	 1403715580.012143	 -0.453579	 -0.291637	 175.050781	125.209488
4116	 0	 1403715580.462143	 -0.564546	 -0.200633	 132.183090	165.125290
4243	 0	 1403715579.712143	 0.661824	 -0.283956	 632.183655	135.074295
4243	 0	 1403715580.012143	 0.761415	 -0.243087	 663.790894	154.029694
4243	 0	 1403715580.462143	 0.610391	 -0.324652	 613.968445	117.565941
4259	 0	 1403715580.012143	 0.216331	 -0.099600	 464.862030	203.555908
4259	 0	 1403715580.462143	 0.281656	 -0.112706	 493.105438	198.157013
4115	 0	 1403715578.512143	 -0.410631	 -0.257533	 190.672165	138.000885
4115	 0	 1403715578.812143	 -0.674507	 -0.543967	 110.775528	42.238998
4115	 0	 1403715579.112143	 -0.752176	 -0.537967	 87.130898	48.718452
4115	 0	 1403715579.412143	 -0.754917	 -0.470148	 82.530258	71.669617
4115	 0	 1403715579.712143	 -0.706188	 -0.407844	 93.775787	90.979309
4115	 0	 1403715580.012143	 -0.634986	 -0.313329	 111.973320	122.843056
4115	 0	 1403715580.462143	 -0.798248	 -0.192186	 58.710751	174.377640
4242	 0	 1403715579.712143	 0.603336	 -0.203266	 615.505615	165.009705
4242	 0	 1403715580.012143	 0.704391	 -0.158060	 649.074951	185.362015
4242	 0	 1403715580.462143	 0.577286	 -0.238367	 605.687317	150.234619
4131	 0	 1403715578.512143	 -0.024635	 0.273856	 356.152863	370.997498
4131	 0	 1403715578.812143	 -0.316183	 -0.113765	 226.709412	197.979279
4258	 0	 1403715580.012143	 0.213710	 -0.202942	 462.869415	157.817398
4258	 0	 1403715580.462143	 0.252831	 -0.217403	 479.620819	152.016510
4130	 0	 1403715578.512143	 -0.055265	 0.244331	 342.309021	358.167938
4130	 0	 1403715578.812143	 -0.336502	 -0.129854	 218.385117	191.123398
4130	 0	 1403715579.112143	 -0.544705	 -0.151649	 138.151810	184.818924
4130	 0	 1403715579.412143	 -0.653087	 -0.012160	 99.865005	243.449631
4130	 0	 1403715579.712143	 -0.336956	 0.203050	 219.164795	337.340607
4257	 0	 1403715580.012143	 -0.426234	 -0.532701	 194.414795	33.087955
4257	 0	 1403715580.462143	 -0.568411	 -0.481445	 141.605789	57.895016
4129	 0	 1403715578.512143	 0.028347	 0.242468	 380.002228	357.426819
4129	 0	 1403715578.812143	 -0.254865	 -0.129397	 252.976791	190.554092
4129	 0	 1403715579.112143	 -0.441866	 -0.138831	 176.198624	188.555313
4129	 0	 1403715579.412143	 -0.515329	 0.011735	 147.425934	253.388626
4129	 0	 1403715579.712143	 -0.175237	 0.210710	 288.513458	342.735046
4256	 0	 1403715580.012143	 -0.338080	 -0.520958	 227.430084	33.643375
4256	 0	 1403715580.462143	 -0.458549	 -0.478592	 180.121780	53.717400
4128	 0	 1403715578.512143	 -0.017739	 0.081299	 359.094513	285.481628
4128	 0	 1403715578.812143	 -0.270435	 -0.235954	 247.568085	144.302979
4128	 0	 1403715579.112143	 -0.425679	 -0.238266	 184.348068	146.341797
4128	 0	 1403715579.412143	 -0.445836	 -0.110714	 174.300034	200.628952
4128	 0	 1403715579.712143	 -0.192064	 0.007123	 280.038055	251.602005
4128	 0	 1403715580.012143	 0.323394	 0.286902	 508.087219	372.996216
4255	 0	 1403715580.012143	 -0.295199	 -0.393678	 240.548294	79.970840
4255	 0	 1403715580.462143	 -0.391647	 -0.341364	 200.385666	103.417191
4127	 0	 1403715578.512143	 -0.192138	 0.138453	 280.466705	310.705170
4127	 0	 1403715578.812143	 -0.471021	 -0.210582	 166.368576	158.869919
4122	 0	 1403715578.512143	 -0.167724	 -0.274519	 292.492706	126.444260
4122	 0	 1403715578.812143	 -0.378103	 -0.528727	 212.308853	32.433311
4122	 0	 1403715579.112143	 -0.436843	 -0.482270	 188.279724	51.451115
4122	 0	 1403715579.412143	 -0.433496	 -0.382359	 185.609192	88.693703
4122	 0	 1403715579.712143	 -0.377424	 -0.352079	 206.296951	98.728935
4122	 0	 1403715580.012143	 -0.302497	 -0.272478	 234.726334	129.400940
4122	 0	 1403715580.462143	 -0.383294	 -0.204797	 200.378891	159.512939
4123	 0	 1403715578.512143	 -0.059200	 -0.168423	 340.307892	172.053650
4123	 0	 1403715578.812143	 -0.263833	 -0.390781	 253.410049	80.326645
4123	 0	 1403715579.112143	 -0.335061	 -0.332682	 222.706055	105.334930
4123	 0	 1403715579.412143	 -0.346946	 -0.229016	 215.546524	148.570953
4123	 0	 1403715579.712143	 -0.274705	 -0.202237	 245.261337	158.868362
4124	 0	 1403715578.512143	 -0.085763	 -0.276937	 328.800964	124.704605
4124	 0	 1403715578.812143	 -0.292485	 -0.521486	 245.418732	31.887875
4124	 0	 1403715579.112143	 -0.350754	 -0.466129	 220.510162	54.017620
4124	 0	 1403715579.412143	 -0.344281	 -0.363093	 219.807098	93.392799
4124	 0	 1403715579.712143	 -0.279825	 -0.340994	 245.610046	100.641365
4124	 0	 1403715580.012143	 -0.201261	 -0.261239	 277.681152	132.511566
4124	 0	 1403715580.462143	 -0.260192	 -0.207261	 251.522873	156.500198
4125	 0	 1403715578.512143	 -0.062408	 -0.131969	 338.764832	188.393860
4125	 0	 1403715578.812143	 -0.259875	 -0.351467	 254.173553	95.959679
4125	 0	 1403715579.112143	 -0.337188	 -0.292784	 220.868790	121.693687
4252	 0	 1403715580.012143	 -0.544662	 -0.317001	 142.640167	118.089584
4252	 0	 1403715580.462143	 -0.681740	 -0.211460	 93.695084	163.830307
4126	 0	 1403715578.512143	 -0.208002	 0.089946	 273.181549	288.921936
4126	 0	 1403715578.812143	 -0.482124	 -0.243792	 163.011475	145.447266
4126	 0	 1403715579.112143	 -0.666468	 -0.249576	 99.635109	148.512833
4126	 0	 1403715579.412143	 -0.756127	 -0.171973	 70.233231	181.081802
4126	 0	 1403715579.712143	 -0.549313	 -0.031441	 135.187592	235.160309
4126	 0	 1403715580.012143	 -0.107368	 0.262236	 319.063263	365.641724
4177	 0	 1403715578.812143	 0.256637	 -0.109951	 482.371796	199.191650
4177	 0	 1403715579.112143	 0.126226	 -0.063560	 424.782196	219.475494
4177	 0	 1403715579.412143	 0.178484	 0.157964	 447.784851	319.475372
4178	 0	 1403715578.812143	 0.179703	 -0.164277	 448.268799	174.503815
4178	 0	 1403715579.112143	 0.051509	 -0.121948	 390.722137	192.888626
4178	 0	 1403715579.412143	 0.082377	 0.071690	 404.871674	281.050323
4178	 0	 1403715579.712143	 0.498699	 0.184602	 578.990723	326.559692
4186	 0	 1403715578.812143	 0.547551	 -0.519466	 583.819214	43.544228
4186	 0	 1403715579.112143	 0.462634	 -0.361695	 560.511047	97.733337
4186	 0	 1403715579.412143	 0.446705	 -0.179161	 559.451782	171.523621
4186	 0	 1403715579.712143	 0.552326	 -0.226549	 597.323303	154.303101
4186	 0	 1403715580.012143	 0.653302	 -0.177915	 632.582458	176.362366
4186	 0	 1403715580.462143	 0.536760	 -0.248529	 591.206177	145.002670
4190	 0	 1403715578.812143	 0.480003	 -0.107236	 573.226929	202.508484
4190	 0	 1403715579.112143	 0.362094	 -0.035408	 527.276917	232.781433
4190	 0	 1403715579.412143	 0.451763	 0.212859	 560.748535	339.314117
4191	 0	 1403715578.812143	 0.474907	 -0.238577	 568.868347	147.397263
4191	 0	 1403715579.112143	 0.368082	 -0.152598	 528.749146	181.619629
4191	 0	 1403715579.412143	 0.416427	 0.050946	 549.129333	270.580109
4191	 0	 1403715579.712143	 0.709296	 0.061083	 652.028381	272.874176
4192	 0	 1403715578.812143	 0.484104	 -0.214781	 572.881287	157.423737
4192	 0	 1403715579.112143	 0.375183	 -0.130978	 531.904907	191.065674
4192	 0	 1403715579.412143	 0.432035	 0.079842	 555.086182	283.008240
4193	 0	 1403715578.812143	 0.476300	 0.128157	 571.582764	303.221954
4193	 0	 1403715579.112143	 0.350373	 0.217340	 520.532959	343.212311
4193	 0	 1403715579.412143	 0.426397	 0.532645	 540.171570	463.825165
4194	 0	 1403715578.812143	 0.436439	 0.122772	 556.368164	301.444763
4194	 0	 1403715579.112143	 0.304280	 0.209230	 501.586487	340.509888
4194	 0	 1403715579.412143	 0.379257	 0.522537	 522.892395	462.263306
4196	 0	 1403715578.812143	 0.459295	 0.218840	 563.486755	341.637390
4196	 0	 1403715579.112143	 0.328822	 0.319601	 509.558533	386.334198
4197	 0	 1403715578.812143	 0.467580	 0.248219	 565.912231	353.566589
4197	 0	 1403715579.112143	 0.335550	 0.356751	 511.334290	401.165833
