14 5 1 4 19 3 17 15 
10 11 1 15 0 5 14 16 
10 8 15 0 14 7 9 17 
1 16 5 2 17 9 15 11 
17 13 1 2 15 6 5 14 
19 9 4 17 13 2 0 18 
12 16 5 8 4 14 7 19 
15 20 9 19 5 1 10 2 
15 20 6 11 2 17 0 1 
4 5 1 0 7 18 20 17 
18 12 10 3 9 0 7 17 
17 19 2 18 1 13 5 11 
12 13 8 14 6 18 19 15 
16 0 11 4 1 14 17 19 
10 17 3 0 15 11 4 20 
14 8 16 13 3 18 19 11 
18 1 11 4 9 8 20 17 
11 7 20 18 4 14 9 17 
15 16 19 11 9 2 5 3 
11 4 0 14 7 9 15 19 
13 5 9 3 20 19 8 4 
14 2 17 18 0 9 11 10 
8 12 7 16 13 19 2 4 
0 3 2 7 12 16 10 5 
0 4 11 14 9 2 1 3 
6 0 4 20 9 19 1 13 
13 10 17 7 5 0 11 4 
4 17 14 19 10 7 5 9 
15 19 8 4 2 18 7 6 
11 15 16 2 13 19 1 5 
10 0 15 18 1 8 2 4 
9 18 5 1 6 10 15 17 
13 3 7 14 11 17 4 19 
13 3 7 18 2 8 12 9 
11 13 9 20 3 10 19 18 
12 4 13 17 14 6 1 7 
12 8 6 5 17 10 19 0 
17 18 8 20 7 4 9 0 
20 2 12 3 13 9 18 5 
16 10 6 11 20 18 2 7 
18 10 16 4 2 6 3 13 
7 14 18 19 0 9 12 13 
15 9 2 10 0 20 14 11 
11 6 8 9 12 17 1 18 
2 18 16 5 17 1 4 9 
17 5 9 14 20 19 11 8 
16 18 3 14 15 1 9 6 
8 1 17 3 12 0 11 14 
19 12 2 4 20 7 14 15 
14 8 7 10 13 2 15 18 
2 6 19 0 7 15 16 12 
1 8 20 14 7 13 9 5 
10 15 12 4 3 9 18 14 
0 4 9 14 6 10 5 16 
20 14 9 8 12 15 5 11 
8 7 11 15 4 3 17 10 
20 16 0 3 7 13 1 6 
0 11 5 7 4 10 13 3 
8 20 13 2 7 0 18 11 
8 10 12 11 18 13 6 19 
15 8 18 2 4 1 9 3 
13 18 20 16 9 17 2 19 
0 16 1 8 14 20 4 3 
11 19 17 5 14 18 0 8 
15 0 13 17 1 5 3 10 
6 18 12 15 9 19 17 8 
13 18 1 8 16 6 11 7 
8 13 15 4 0 14 12 10 
18 11 13 17 15 16 10 3 
19 7 1 8 2 14 18 10 
18 2 4 15 9 17 5 12 
13 4 3 12 1 0 6 15 
11 3 18 8 2 10 15 0 
0 16 10 2 12 9 13 8 
16 3 8 5 2 13 19 11 
1 7 9 3 6 14 2 13 
1 2 8 4 13 19 17 11 
20 17 18 12 8 14 4 3 
2 15 10 4 18 12 1 9 
3 12 16 9 17 0 7 18 
3 18 16 17 2 19 12 1 
0 15 19 9 12 1 11 14 
18 6 1 9 20 3 15 14 
17 1 14 6 2 3 0 4 
4 18 5 19 1 16 6 15 
18 4 12 10 5 6 15 3 
14 9 20 13 11 15 18 7 
1 14 16 3 18 19 7 2 
17 15 9 16 14 20 0 10 
2 13 6 8 1 12 10 11 
5 9 10 16 7 8 6 17 
5 6 13 4 3 2 19 0 
19 18 17 14 20 15 8 13 
13 18 7 20 11 1 19 12 
10 1 16 17 20 4 6 12 
12 2 3 14 5 9 20 18 
11 15 1 6 13 10 4 5 
11 13 3 4 12 20 2 18 
16 0 3 7 5 10 4 13 
16 9 14 1 17 19 5 8 
8 20 18 3 1 4 9 19 
20 15 16 12 8 0 14 3 
1 3 12 6 13 15 4 8 
9 1 13 10 11 19 3 15 
10 4 5 20 8 14 3 6 
14 2 19 18 17 1 6 16 
5 1 10 19 17 14 18 7 
20 7 2 11 8 5 17 13 
10 1 11 0 16 13 6 9 
19 11 15 1 20 4 18 13 
7 16 0 20 12 11 14 9 
1 20 6 10 18 2 8 12 
4 3 17 19 16 5 12 14 
20 13 18 11 15 4 9 3 
2 12 19 15 5 10 8 16 
14 18 19 1 0 8 20 3 
14 17 7 12 3 4 9 2 
19 12 15 18 17 7 2 0 
1 16 19 7 17 6 12 2 
6 15 4 20 5 2 8 0 
0 19 14 4 3 5 6 2 
20 5 0 15 12 3 13 11 
0 14 3 9 2 15 17 6 
16 17 15 1 0 5 2 19 
7 17 6 10 4 12 19 3 
1 15 2 14 16 0 8 13 
15 20 9 19 12 2 4 7 
0 2 11 1 7 12 19 18 
13 9 7 16 4 1 2 17 
18 5 2 14 19 11 12 0 
10 6 17 4 7 3 11 19 
7 20 10 14 2 11 9 15 
4 19 14 8 1 18 12 13 
4 19 14 9 12 17 8 2 
18 9 8 6 12 3 16 0 
12 7 16 14 1 19 9 4 
9 7 15 20 5 10 6 19 
13 4 1 6 20 10 8 9 
2 1 18 14 4 12 13 15 
4 14 12 5 3 20 9 8 
13 9 2 17 18 19 7 11 
17 11 3 10 18 12 16 4 
17 4 2 1 0 16 14 3 
15 13 10 16 17 3 8 14 
13 20 11 14 4 1 8 15 
14 15 13 19 9 17 3 5 
3 7 8 4 6 19 15 1 
2 0 19 1 4 8 10 12 
4 6 13 9 7 20 17 1 
1 6 18 11 5 3 14 19 
11 9 13 16 15 3 0 14 
4 1 3 8 10 14 5 11 
4 1 6 11 18 15 17 16 
7 15 1 11 16 18 19 20 
11 16 8 18 0 17 15 3 
12 14 13 3 10 1 0 11 
3 8 9 10 6 4 0 17 
0 2 7 20 3 18 8 10 
7 0 5 6 9 13 16 1 
11 7 5 2 19 18 14 8 
15 8 3 2 12 18 13 10 
7 5 14 10 12 19 15 1 
7 12 8 15 20 1 14 13 
9 5 1 16 10 0 7 4 
10 14 8 3 16 5 19 4 
12 14 16 6 0 3 17 4 
18 17 4 6 16 3 20 5 
9 8 5 1 7 13 18 15 
11 17 2 8 3 1 20 14 
16 13 2 14 15 9 18 11 
9 7 2 8 10 19 12 0 
17 3 2 5 16 7 4 15 
7 8 0 9 19 12 5 4 
9 20 2 6 1 5 18 7 
14 5 18 19 12 13 17 7 
0 9 16 20 18 2 8 4 
12 10 16 2 5 3 6 19 
14 11 2 13 15 4 16 8 
11 5 17 19 2 4 12 16 
15 14 3 12 20 11 19 7 
5 16 11 18 0 19 20 9 
13 10 8 9 14 12 2 5 
1 20 13 3 5 8 6 19 
6 12 14 3 5 19 10 8 
12 6 4 11 19 10 18 0 
3 15 10 0 9 11 6 8 
16 1 15 2 10 3 18 12 
17 19 2 3 12 13 16 4 
2 0 18 9 11 4 8 16 
1 20 16 11 13 4 3 8 
7 1 14 17 4 15 13 19 
20 0 5 13 14 1 15 17 
2 0 9 14 5 19 10 16 
3 10 0 17 13 20 8 1 
6 7 2 10 20 0 17 4 
1 19 20 16 18 2 14 3 
4 9 0 19 8 11 14 17 
4 19 11 0 3 16 2 7 
11 5 1 16 19 12 3 17 
16 7 6 15 8 4 1 10 
