# timestamp (sec),tracking,propagation,msckf update,slam update,slam delayed,re-tri & marg,total
1403715580.712142944335938,0.00400,0.00026,0.00102,0.00000,0.00000,0.00228,0.00756
1403715580.762142896652222,0.00333,0.00018,0.00247,0.00000,0.00000,0.00159,0.00759
1403715580.812143087387085,0.00426,0.00025,0.00102,0.00000,0.00000,0.00183,0.00737
1403715580.862143039703369,0.00413,0.00026,0.00047,0.00000,0.00000,0.00217,0.00703
1403715580.912142992019653,0.00367,0.00027,0.00038,0.00000,0.00000,0.00260,0.00693
1403715580.962142944335938,0.00366,0.00026,0.00027,0.00000,0.00000,0.00222,0.00641
1403715581.012142896652222,0.00424,0.00026,0.00037,0.00000,0.00000,0.00232,0.00719
1403715581.062143087387085,0.00411,0.00026,0.00019,0.00000,0.00000,0.00241,0.00697
1403715581.112143039703369,0.00388,0.00027,0.01306,0.00000,0.00000,0.00154,0.01876
1403715581.162142992019653,0.00434,0.00028,0.00365,0.00000,0.00000,0.00184,0.01011
1403715581.212142944335938,0.00375,0.00027,0.00251,0.00000,0.00000,0.00257,0.00909
1403715581.262142896652222,0.00166,0.00011,0.00109,0.00000,0.00000,0.00108,0.00394
1403715581.312143087387085,0.00155,0.00011,0.00159,0.00000,0.00000,0.00111,0.00435
1403715581.362143039703369,0.00404,0.00027,0.00748,0.00000,0.00000,0.00097,0.01276
1403715581.412142992019653,0.00376,0.00019,0.00236,0.00000,0.00000,0.00256,0.00888
1403715581.462142944335938,0.00381,0.00027,0.00159,0.00000,0.00311,0.00258,0.01136
1403715581.512142896652222,0.00423,0.00027,0.00207,0.00017,0.00286,0.00245,0.01206
1403715581.562143087387085,0.00368,0.00028,0.00071,0.00028,0.00361,0.00245,0.01102
1403715581.612143039703369,0.00382,0.00029,0.00042,0.00062,0.00701,0.00245,0.01461
1403715581.662142992019653,0.00374,0.00029,0.00061,0.00168,0.00083,0.00251,0.00966
1403715581.712142944335938,0.00373,0.00031,0.00534,0.00052,0.00682,0.00092,0.01764
1403715581.762142896652222,0.00359,0.00034,0.00069,0.00388,0.00088,0.00086,0.01025
1403715581.812143087387085,0.00436,0.00036,0.00571,0.00407,0.00340,0.00139,0.01929
1403715581.862143039703369,0.00468,0.00036,0.00434,0.00307,0.00100,0.00182,0.01528
1403715581.912142992019653,0.00493,0.00035,0.00047,0.00328,0.00299,0.00238,0.01439
1403715581.962142944335938,0.00369,0.00037,0.00520,0.00324,0.00586,0.00162,0.01999
1403715582.012142896652222,0.00468,0.00036,0.00116,0.00400,0.00219,0.00219,0.01458
1403715582.062143087387085,0.00376,0.00035,0.00067,0.00308,0.00018,0.00227,0.01031
1403715582.112143039703369,0.00394,0.00035,0.00178,0.00269,0.00106,0.00224,0.01206
1403715582.162142992019653,0.00392,0.00034,0.00106,0.00282,0.00182,0.00207,0.01201
1403715582.212142944335938,0.00444,0.00036,0.00023,0.00288,0.00001,0.00151,0.00943
1403715582.262142896652222,0.00402,0.00033,0.00029,0.00270,0.00186,0.00234,0.01154
1403715582.312143087387085,0.00439,0.00032,0.00160,0.00284,0.00294,0.00209,0.01418
1403715582.362143039703369,0.00371,0.00034,0.00022,0.00340,0.00010,0.00194,0.00971
1403715582.412142992019653,0.00428,0.00032,0.00055,0.00337,0.00265,0.00087,0.01203
1403715582.462142944335938,0.00494,0.00050,0.00155,0.00438,0.00444,0.00226,0.01808
1403715582.512142896652222,0.00467,0.00050,0.00018,0.00651,0.00000,0.00204,0.01390
1403715582.562143087387085,0.00377,0.00034,0.00529,0.00497,0.00203,0.00163,0.01802
1403715582.612143039703369,0.00399,0.00036,0.00108,0.00559,0.00309,0.00162,0.01574
1403715582.662142992019653,0.00357,0.00037,0.00401,0.00548,0.00000,0.00143,0.01486
1403715582.712142944335938,0.00346,0.00038,0.00311,0.00632,0.00000,0.00207,0.01534
1403715582.762142896652222,0.00422,0.00034,0.00217,0.00587,0.00000,0.00167,0.01427
1403715582.812143087387085,0.00408,0.00035,0.00324,0.00601,0.00000,0.00200,0.01568
1403715582.862143039703369,0.00390,0.00038,0.00550,0.00575,0.00000,0.00183,0.01735
1403715582.912142992019653,0.00392,0.00036,0.00312,0.00572,0.00097,0.00161,0.01570
1403715582.962142944335938,0.00436,0.00038,0.00466,0.00235,0.00000,0.00105,0.01280
1403715583.012142896652222,0.00443,0.00038,0.00126,0.00655,0.00000,0.00254,0.01516
1403715583.062143087387085,0.00414,0.00037,0.00586,0.00591,0.00000,0.00187,0.01816
1403715583.112143039703369,0.00413,0.00038,0.00443,0.00580,0.00000,0.00183,0.01657
1403715583.162142992019653,0.00379,0.00037,0.00614,0.00443,0.00001,0.00155,0.01628
1403715583.212142944335938,0.00435,0.00037,0.00248,0.00514,0.00093,0.00166,0.01494
1403715583.262142896652222,0.00152,0.00017,0.00176,0.00177,0.00056,0.00134,0.00711
1403715583.312143087387085,0.00560,0.00052,0.00510,0.00344,0.00722,0.00145,0.02334
1403715583.362143039703369,0.00513,0.00036,0.00537,0.00315,0.00198,0.00125,0.01724
1403715583.412142992019653,0.00449,0.00038,0.00232,0.00259,0.00179,0.00087,0.01245
1403715583.462142944335938,0.00466,0.00036,0.00067,0.00335,0.00111,0.00224,0.01239
1403715583.512142896652222,0.00442,0.00035,0.00052,0.00336,0.00243,0.00153,0.01261
1403715583.562143087387085,0.00221,0.00015,0.00088,0.00114,0.00238,0.00085,0.00760
1403715583.612143039703369,0.00492,0.00034,0.00206,0.00298,0.00010,0.00211,0.01252
1403715583.662142992019653,0.00487,0.00032,0.00198,0.00191,0.00508,0.00152,0.01568
1403715583.712142944335938,0.00202,0.00016,0.00062,0.00088,0.00000,0.00097,0.00465
1403715583.762142896652222,0.00391,0.00032,0.00065,0.00144,0.00562,0.00198,0.01392
1403715583.812143087387085,0.00386,0.00034,0.00054,0.00191,0.00192,0.00195,0.01052
1403715583.862143039703369,0.00478,0.00032,0.00173,0.00208,0.00349,0.00171,0.01410
1403715583.912142992019653,0.00347,0.00034,0.00029,0.00244,0.00138,0.00196,0.00988
1403715583.962142944335938,0.00285,0.00033,0.00037,0.00246,0.00001,0.00201,0.00803
1403715584.012142896652222,0.00365,0.00044,0.00076,0.00336,0.00246,0.00214,0.01280
1403715584.062143087387085,0.00351,0.00031,0.00035,0.00299,0.00299,0.00207,0.01223
1403715584.112143039703369,0.00363,0.00032,0.00226,0.00293,0.00000,0.00195,0.01108
1403715584.162142992019653,0.00498,0.00036,0.00044,0.00287,0.00113,0.00196,0.01176
1403715584.212142944335938,0.00400,0.00032,0.00160,0.00293,0.00405,0.00177,0.01467
1403715584.262142896652222,0.00433,0.00033,0.00044,0.00353,0.00121,0.00195,0.01179
1403715584.312143087387085,0.00551,0.00035,0.00306,0.00363,0.00102,0.00212,0.01570
1403715584.362143039703369,0.00436,0.00034,0.00119,0.00350,0.00000,0.00204,0.01143
1403715584.412142992019653,0.00503,0.00034,0.00071,0.00332,0.00048,0.00084,0.01072
1403715584.462142944335938,0.00428,0.00034,0.00095,0.00264,0.00108,0.00089,0.01019
1403715584.512142896652222,0.00464,0.00034,0.00145,0.00297,0.00279,0.00232,0.01451
1403715584.562143087387085,0.00479,0.00034,0.00101,0.00265,0.00070,0.00153,0.01101
1403715584.612143039703369,0.00462,0.00035,0.00288,0.00314,0.00100,0.00248,0.01448
1403715584.662142992019653,0.00485,0.00033,0.00108,0.00318,0.00021,0.00249,0.01214
1403715584.712142944335938,0.00495,0.00033,0.00229,0.00290,0.00117,0.00250,0.01414
1403715584.762142896652222,0.00572,0.00037,0.00152,0.00287,0.00099,0.00265,0.01413
1403715584.812143087387085,0.00400,0.00032,0.00134,0.00286,0.01023,0.00139,0.02015
1403715584.862143039703369,0.00413,0.00035,0.00719,0.00304,0.00197,0.00141,0.01810
1403715584.912142992019653,0.00518,0.00037,0.00635,0.00418,0.00154,0.00154,0.01916
1403715584.962142944335938,0.00387,0.00035,0.00811,0.00411,0.00197,0.00142,0.01983
1403715585.012142896652222,0.00536,0.00060,0.00638,0.00563,0.00138,0.00182,0.02116
1403715585.062143087387085,0.00168,0.00018,0.00246,0.00211,0.00051,0.00111,0.00805
1403715585.112143039703369,0.00533,0.00044,0.00210,0.00486,0.00176,0.00180,0.01628
1403715585.162142992019653,0.00435,0.00039,0.00215,0.00413,0.00226,0.00163,0.01491
1403715585.212142944335938,0.00393,0.00035,0.00411,0.00175,0.00128,0.00096,0.01237
1403715585.262142896652222,0.00391,0.00036,0.00204,0.00545,0.00224,0.00225,0.01623
1403715585.312143087387085,0.00570,0.00038,0.00866,0.00253,0.00085,0.00112,0.01925
1403715585.362143039703369,0.00433,0.00039,0.00018,0.00632,0.00001,0.00227,0.01351
1403715585.412142992019653,0.00416,0.00038,0.00190,0.00556,0.00085,0.00186,0.01472
1403715585.462142944335938,0.00387,0.00037,0.01282,0.00524,0.00000,0.00155,0.02385
1403715585.512142896652222,0.00422,0.00034,0.00444,0.00510,0.00000,0.00157,0.01566
1403715585.562143087387085,0.00400,0.00036,0.00782,0.00612,0.00000,0.00259,0.02090
1403715585.612143039703369,0.00403,0.00036,0.00286,0.00585,0.00000,0.00262,0.01573
1403715585.662142992019653,0.00397,0.00036,0.01004,0.00483,0.00001,0.00181,0.02102
1403715585.712142944335938,0.00404,0.00036,0.00071,0.00563,0.00010,0.00282,0.01366
1403715585.762142896652222,0.00388,0.00036,0.00029,0.00573,0.00119,0.00272,0.01417
1403715585.812143087387085,0.00375,0.00034,0.00112,0.00555,0.00018,0.00272,0.01366
1403715585.862143039703369,0.00363,0.00036,0.00651,0.00477,0.00220,0.00148,0.01895
1403715585.912142992019653,0.00382,0.00036,0.00077,0.00622,0.00010,0.00218,0.01345
1403715585.962142944335938,0.00479,0.00035,0.00024,0.00597,0.00007,0.00279,0.01421
1403715586.012142896652222,0.00407,0.00036,0.00016,0.00559,0.00006,0.00274,0.01299
1403715586.062143087387085,0.00397,0.00036,0.00118,0.00579,0.00014,0.00268,0.01412
1403715586.112143039703369,0.00462,0.00036,0.00122,0.00502,0.00019,0.00284,0.01424
1403715586.162142992019653,0.00408,0.00036,0.00067,0.00450,0.00028,0.00263,0.01252
1403715586.212142944335938,0.00499,0.00039,0.00017,0.00456,0.00011,0.00272,0.01295
1403715586.262142896652222,0.00412,0.00036,0.00395,0.00394,0.00138,0.00234,0.01608
1403715586.312143087387085,0.00425,0.00035,0.00003,0.00422,0.00013,0.00264,0.01162
1403715586.362143039703369,0.00403,0.00035,0.00035,0.00392,0.00116,0.00269,0.01251
1403715586.412142992019653,0.00455,0.00033,0.00040,0.00382,0.00068,0.00101,0.01078
1403715586.462142944335938,0.00363,0.00033,0.00089,0.00390,0.00249,0.00261,0.01385
1403715586.512142896652222,0.00365,0.00040,0.00657,0.00399,0.00032,0.00192,0.01686
1403715586.562143087387085,0.00363,0.00035,0.00003,0.00431,0.00008,0.00261,0.01100
1403715586.612143039703369,0.00504,0.00035,0.00205,0.00424,0.00006,0.00124,0.01299
1403715586.662142992019653,0.00357,0.00033,0.00416,0.00298,0.00054,0.00243,0.01401
1403715586.712142944335938,0.00370,0.00034,0.00010,0.00456,0.00031,0.00271,0.01172
1403715586.762142896652222,0.00374,0.00035,0.00079,0.00379,0.00014,0.00101,0.00981
1403715586.812143087387085,0.00412,0.00036,0.00003,0.00451,0.00016,0.00277,0.01195
1403715586.862143039703369,0.00443,0.00033,0.00019,0.00422,0.00014,0.00095,0.01026
1403715586.912142992019653,0.00411,0.00035,0.00038,0.00450,0.00012,0.00266,0.01211
1403715586.962142944335938,0.00467,0.00033,0.00019,0.00450,0.00040,0.00274,0.01282
1403715587.012142896652222,0.00390,0.00034,0.00003,0.00444,0.00017,0.00103,0.00991
1403715587.062143087387085,0.00401,0.00034,0.00011,0.00459,0.00134,0.00271,0.01310
1403715587.112143039703369,0.00362,0.00036,0.00521,0.00460,0.00034,0.00232,0.01646
1403715587.162142992019653,0.00241,0.00025,0.00069,0.00358,0.00027,0.00191,0.00910
1403715587.212142944335938,0.00394,0.00038,0.00011,0.00470,0.00007,0.00281,0.01201
1403715587.262142896652222,0.00373,0.00036,0.00422,0.00452,0.00031,0.00242,0.01557
1403715587.312143087387085,0.00151,0.00014,0.00008,0.00224,0.00095,0.00123,0.00615
1403715587.362143039703369,0.00401,0.00037,0.00093,0.00509,0.00026,0.00281,0.01348
1403715587.412142992019653,0.00405,0.00037,0.00133,0.00494,0.00015,0.00268,0.01353
1403715587.462142944335938,0.00415,0.00035,0.00111,0.00503,0.00026,0.00292,0.01383
1403715587.512142896652222,0.00376,0.00043,0.00403,0.00482,0.00406,0.00210,0.01921
1403715587.562143087387085,0.00392,0.00036,0.00036,0.00588,0.00011,0.00244,0.01307
1403715587.612143039703369,0.00419,0.00034,0.00342,0.00570,0.00118,0.00210,0.01694
1403715587.662142992019653,0.00397,0.00037,0.00144,0.00613,0.00006,0.00261,0.01459
1403715587.712142944335938,0.00433,0.00034,0.00893,0.00450,0.00004,0.00144,0.01957
1403715587.762142896652222,0.00410,0.00036,0.00231,0.00601,0.00006,0.00210,0.01494
1403715587.812143087387085,0.00421,0.00038,0.00016,0.00621,0.00007,0.00256,0.01358
1403715587.862143039703369,0.00409,0.00036,0.00161,0.00592,0.00006,0.00246,0.01449
1403715587.912142992019653,0.00385,0.00036,0.00046,0.00493,0.00002,0.00099,0.01062
1403715587.962142944335938,0.00484,0.00036,0.00339,0.00167,0.00004,0.00093,0.01122
1403715588.012142896652222,0.00451,0.00036,0.00020,0.00437,0.00002,0.00097,0.01044
1403715588.062143087387085,0.00492,0.00039,0.00326,0.00220,0.00315,0.00211,0.01603
1403715588.112143039703369,0.00510,0.00034,0.00332,0.00184,0.00597,0.00236,0.01893
1403715588.162142992019653,0.00484,0.00033,0.00178,0.00187,0.00183,0.00091,0.01155
1403715588.212142944335938,0.00454,0.00031,0.00124,0.00221,0.00094,0.00217,0.01141
1403715588.262142896652222,0.00430,0.00030,0.00229,0.00177,0.00712,0.00158,0.01736
1403715588.312143087387085,0.00463,0.00031,0.00140,0.00243,0.00950,0.00199,0.02026
1403715588.362143039703369,0.00413,0.00033,0.00064,0.00341,0.00485,0.00176,0.01512
1403715588.412142992019653,0.00375,0.00033,0.00038,0.00408,0.00001,0.00204,0.01060
