# timestamp(s) tx ty tz qx qy qz qw Pr11 Pr12 Pr13 Pr22 Pr23 Pr33 Pt11 Pt12 Pt13 Pt22 Pt23 Pt33
1403715580.71214 0.181052 0.327368 -0.036956 0.787530 -0.237831 0.557461 0.111668 0.0001282839 0.0000785910 0.0002430613 0.0004738663 0.0000856027 0.0006292768 0.0013629966 0.0017045221 -0.0003754086 0.0028934011 -0.0003621730 0.0005547556
1403715580.76214 0.205753 0.379509 -0.042967 0.786638 -0.249285 0.554698 0.106625 0.0001241741 0.0000803771 0.0002196872 0.0004561112 0.0000696550 0.0005520888 0.0008738691 0.0012683051 -0.0001997606 0.0021545019 -0.0003219095 0.0004626614
1403715580.81214 0.231837 0.433586 -0.047498 0.784755 -0.260652 0.553395 0.099875 0.0001310514 0.0000883929 0.0002229613 0.0004509780 0.0000622408 0.0005475417 0.0010206851 0.0015543014 -0.0002420668 0.0027255218 -0.0003984400 0.0005266491
1403715580.86214 0.257524 0.478016 -0.057284 0.784078 -0.271197 0.550477 0.092996 0.0001372672 0.0000958349 0.0002214505 0.0004446248 0.0000521159 0.0005297773 0.0010563289 0.0016359106 -0.0002564426 0.0029342066 -0.0004235447 0.0005891510
1403715580.91214 0.274008 0.503972 -0.058509 0.782219 -0.284079 0.548622 0.080287 0.0001457458 0.0001044858 0.0002213386 0.0004384174 0.0000437110 0.0005127650 0.0010491640 0.0016348811 -0.0002456476 0.0029857329 -0.0003814860 0.0006499543
1403715580.96214 0.294658 0.534853 -0.061755 0.781712 -0.294500 0.545276 0.069788 0.0001573883 0.0001144667 0.0002246230 0.0004318338 0.0000368655 0.0005027719 0.0011921036 0.0018757831 -0.0002923202 0.0034405261 -0.0004200592 0.0007195064
1403715581.01214 0.320001 0.578164 -0.059883 0.782983 -0.299409 0.541238 0.065980 0.0001499445 0.0001110607 0.0002002237 0.0004282663 0.0000238029 0.0004418530 0.0009956701 0.0015297768 -0.0002124248 0.0029144803 -0.0003051941 0.0006819468
1403715581.06214 0.342758 0.613605 -0.063506 0.787140 -0.300774 0.534410 0.065974 0.0001572334 0.0001119254 0.0002047128 0.0004274233 0.0000222186 0.0004354846 0.0009925300 0.0014053380 -0.0002171039 0.0025710198 -0.0002455467 0.0007738144
1403715581.11214 0.350735 0.598961 -0.050570 0.789919 -0.303302 0.529171 0.063358 0.0001039016 0.0000929248 0.0001043145 0.0004135928 -0.0000000059 0.0002326524 0.0002825059 0.0002704935 -0.0000017538 0.0004412053 0.0000343156 0.0004377314
1403715581.16214 0.368051 0.606499 -0.045071 0.793479 -0.301451 0.524140 0.069250 0.0001032931 0.0000919206 0.0001016580 0.0004115822 0.0000012319 0.0002230962 0.0002678297 0.0002446026 -0.0000074461 0.0003900352 0.0000276505 0.0004306877
1403715581.21214 0.379982 0.610826 -0.033451 0.795870 -0.296630 0.522000 0.078216 0.0000984642 0.0000860059 0.0000989754 0.0004116606 0.0000098372 0.0002149033 0.0002609535 0.0002309166 -0.0000038960 0.0003591200 0.0000254401 0.0004264521
1403715581.26214 0.396102 0.611312 -0.028483 0.795234 -0.291959 0.524360 0.086075 0.0000949256 0.0000821299 0.0000969937 0.0004103183 0.0000146684 0.0002122850 0.0002572873 0.0002180237 -0.0000069078 0.0003313188 0.0000236169 0.0004382195
1403715581.31214 0.417300 0.616132 -0.035023 0.793121 -0.286302 0.529562 0.092488 0.0000874535 0.0000774618 0.0000887160 0.0003985780 0.0000196586 0.0001999040 0.0002368513 0.0001817473 -0.0000013583 0.0002651420 0.0000281427 0.0004177978
1403715581.36214 0.426047 0.604530 -0.029902 0.792174 -0.279343 0.534245 0.094917 0.0000773186 0.0000755257 0.0000752222 0.0003660937 0.0000407520 0.0001691896 0.0002129348 0.0001481064 -0.0000109437 0.0002049429 -0.0000031312 0.0003939098
1403715581.41214 0.437722 0.588401 -0.028887 0.792051 -0.269616 0.539039 0.096950 0.0000730602 0.0000716918 0.0000715150 0.0003636019 0.0000438554 0.0001648847 0.0002090688 0.0001417529 -0.0000129173 0.0001914739 -0.0000093842 0.0003900185
1403715581.46214 0.451764 0.574198 -0.027235 0.792822 -0.257142 0.543478 0.099711 0.0000661797 0.0000654683 0.0000648185 0.0003596538 0.0000494547 0.0001557460 0.0002001906 0.0001284798 -0.0000195522 0.0001693654 -0.0000216928 0.0003795667
1403715581.51214 0.462248 0.552222 -0.025561 0.795587 -0.239401 0.545951 0.108010 0.0000594560 0.0000550229 0.0000593668 0.0003558240 0.0000535394 0.0001509149 0.0001934908 0.0001186141 -0.0000233645 0.0001537053 -0.0000291877 0.0003775282
1403715581.56214 0.473739 0.528667 -0.024719 0.797328 -0.218532 0.550403 0.116486 0.0000538753 0.0000429862 0.0000547651 0.0003509171 0.0000577954 0.0001480041 0.0001892328 0.0001126494 -0.0000241426 0.0001441000 -0.0000326748 0.0003766549
1403715581.61214 0.488332 0.506707 -0.026916 0.800721 -0.197892 0.551958 0.122585 0.0000487359 0.0000302984 0.0000495626 0.0003461604 0.0000590920 0.0001450844 0.0001843232 0.0001059458 -0.0000246330 0.0001341920 -0.0000358454 0.0003749625
1403715581.66214 0.502363 0.484044 -0.031975 0.804115 -0.177561 0.553450 0.124756 0.0000454846 0.0000191593 0.0000448882 0.0003459549 0.0000568703 0.0001410219 0.0001821019 0.0001022654 -0.0000224052 0.0001289720 -0.0000357110 0.0003758097
1403715581.71214 0.521590 0.466960 -0.037439 0.810840 -0.157076 0.549512 0.126101 0.0000410404 0.0000099937 0.0000367227 0.0003280718 0.0000526738 0.0001260445 0.0001769105 0.0000958934 -0.0000197859 0.0001212843 -0.0000350738 0.0003673572
1403715581.76214 0.538776 0.445650 -0.046671 0.817450 -0.135627 0.545782 0.124506 0.0000383021 0.0000026187 0.0000293045 0.0003076639 0.0000508101 0.0001099521 0.0001753802 0.0000931434 -0.0000165103 0.0001186920 -0.0000340096 0.0003639783
1403715581.81214 0.557475 0.426204 -0.052732 0.824122 -0.115566 0.541543 0.119162 0.0000341282 -0.0000008229 0.0000186885 0.0002670232 0.0000478851 0.0000855911 0.0001740952 0.0000911741 -0.0000137664 0.0001174048 -0.0000330286 0.0003510317
1403715581.86214 0.576699 0.407678 -0.057009 0.828218 -0.095943 0.540488 0.112793 0.0000318634 -0.0000027480 0.0000120241 0.0002405347 0.0000408865 0.0000669016 0.0001733830 0.0000897472 -0.0000124179 0.0001170855 -0.0000327838 0.0003395087
1403715581.91214 0.595768 0.389652 -0.058941 0.830631 -0.080515 0.541637 0.100987 0.0000291787 -0.0000034162 0.0000052333 0.0002057772 0.0000294971 0.0000474575 0.0001727307 0.0000885453 -0.0000129148 0.0001172516 -0.0000332590 0.0003218453
1403715581.96214 0.616271 0.374304 -0.060410 0.831909 -0.068997 0.543952 0.085343 0.0000266800 -0.0000023350 -0.0000004641 0.0001569627 0.0000150927 0.0000300306 0.0001718608 0.0000874449 -0.0000155322 0.0001176204 -0.0000346416 0.0002945808
1403715582.01214 0.637919 0.361935 -0.055965 0.829262 -0.058082 0.551358 0.070395 0.0000256750 -0.0000023672 -0.0000030197 0.0001233296 0.0000053198 0.0000217758 0.0001713690 0.0000866108 -0.0000180907 0.0001184535 -0.0000357693 0.0002768985
1403715582.06214 0.659140 0.350992 -0.045847 0.822779 -0.048267 0.563594 0.055377 0.0000252952 -0.0000018958 -0.0000042311 0.0000965915 -0.0000012297 0.0000172440 0.0001709351 0.0000858209 -0.0000207544 0.0001194711 -0.0000368925 0.0002633041
1403715582.11214 0.679626 0.341819 -0.034811 0.815384 -0.037352 0.576036 0.044005 0.0000253029 -0.0000017166 -0.0000047451 0.0000740164 -0.0000047334 0.0000143775 0.0001705525 0.0000850518 -0.0000233740 0.0001203952 -0.0000380636 0.0002517417
1403715582.16214 0.697325 0.333322 -0.026897 0.809038 -0.026766 0.586106 0.034939 0.0000254028 -0.0000013211 -0.0000049475 0.0000560196 -0.0000063115 0.0000124177 0.0001706256 0.0000843864 -0.0000253078 0.0001211613 -0.0000392122 0.0002425399
1403715582.21214 0.714477 0.325466 -0.019500 0.803128 -0.017947 0.594930 0.026873 0.0000255279 -0.0000009597 -0.0000049990 0.0000435467 -0.0000065036 0.0000109973 0.0001712635 0.0000838296 -0.0000262869 0.0001218890 -0.0000400778 0.0002363984
1403715582.26214 0.730118 0.318921 -0.016342 0.801289 -0.009635 0.597781 0.022363 0.0000255608 -0.0000006563 -0.0000051500 0.0000340476 -0.0000058210 0.0000097442 0.0001719780 0.0000834126 -0.0000270840 0.0001225163 -0.0000407269 0.0002316369
1403715582.31214 0.745982 0.312467 -0.015952 0.803023 -0.002555 0.595615 0.019744 0.0000253983 -0.0000002560 -0.0000055570 0.0000262138 -0.0000045879 0.0000085453 0.0001722182 0.0000830216 -0.0000281994 0.0001228246 -0.0000415094 0.0002274047
1403715582.36214 0.761909 0.306398 -0.017788 0.806406 0.003014 0.591066 0.018463 0.0000252238 0.0000000514 -0.0000059766 0.0000210656 -0.0000035566 0.0000076258 0.0001723723 0.0000827786 -0.0000289852 0.0001233038 -0.0000419553 0.0002248601
1403715582.41214 0.779223 0.301288 -0.018760 0.809401 0.007813 0.586908 0.018647 0.0000249681 0.0000004599 -0.0000064444 0.0000162026 -0.0000024846 0.0000068097 0.0001713038 0.0000826700 -0.0000304737 0.0001234645 -0.0000426173 0.0002218245
1403715582.46214 0.795679 0.297858 -0.019920 0.814109 0.010729 0.580318 0.018504 0.0000246677 0.0000007934 -0.0000068813 0.0000127818 -0.0000017453 0.0000063232 0.0001702860 0.0000823236 -0.0000317288 0.0001235401 -0.0000431434 0.0002196995
1403715582.51214 0.808970 0.296147 -0.021616 0.819357 0.012342 0.572843 0.018773 0.0000243899 0.0000009434 -0.0000072814 0.0000107099 -0.0000013563 0.0000061399 0.0001700883 0.0000820444 -0.0000323747 0.0001238857 -0.0000434779 0.0002184676
1403715582.56214 0.824833 0.297075 -0.019861 0.823139 0.012149 0.567404 0.018627 0.0000241112 0.0000010378 -0.0000076135 0.0000087971 -0.0000009921 0.0000059858 0.0001692965 0.0000815986 -0.0000332316 0.0001237646 -0.0000438454 0.0002170893
1403715582.61214 0.838583 0.298575 -0.015937 0.826620 0.011696 0.562307 0.019309 0.0000238875 0.0000010632 -0.0000078578 0.0000077007 -0.0000008554 0.0000059396 0.0001692926 0.0000811084 -0.0000336912 0.0001238396 -0.0000442631 0.0002160989
1403715582.66214 0.852594 0.301342 -0.009589 0.829474 0.010011 0.558108 0.019700 0.0000236996 0.0000010145 -0.0000080533 0.0000068613 -0.0000007703 0.0000059205 0.0001696060 0.0000807200 -0.0000338651 0.0001238694 -0.0000444894 0.0002153638
1403715582.71214 0.867867 0.305564 -0.002125 0.832118 0.007393 0.554176 0.020324 0.0000235068 0.0000009694 -0.0000082280 0.0000062633 -0.0000007261 0.0000059311 0.0001699497 0.0000802247 -0.0000340124 0.0001238955 -0.0000448510 0.0002147521
1403715582.76214 0.884687 0.310863 0.004701 0.834019 0.004337 0.551296 0.021591 0.0000233350 0.0000009148 -0.0000083612 0.0000058507 -0.0000006947 0.0000059368 0.0001704582 0.0000797335 -0.0000339604 0.0001239479 -0.0000450824 0.0002143857
1403715582.81214 0.902479 0.317080 0.008595 0.836699 0.000906 0.547179 0.023005 0.0000231155 0.0000008522 -0.0000085349 0.0000055064 -0.0000006710 0.0000060056 0.0001710366 0.0000792410 -0.0000338708 0.0001240223 -0.0000452568 0.0002140112
1403715582.86214 0.921955 0.324886 0.006220 0.839804 -0.002871 0.542309 0.024915 0.0000227747 0.0000008549 -0.0000087710 0.0000051516 -0.0000006260 0.0000061414 0.0001716447 0.0000787319 -0.0000337230 0.0001241263 -0.0000451381 0.0002131801
1403715582.91214 0.942424 0.332090 0.003505 0.843744 -0.005786 0.536025 0.027191 0.0000224572 0.0000008331 -0.0000089982 0.0000049751 -0.0000006157 0.0000063074 0.0001723979 0.0000782259 -0.0000335771 0.0001241628 -0.0000449752 0.0002126483
1403715582.96214 0.965471 0.340170 -0.002965 0.847574 -0.009026 0.529814 0.028880 0.0000221191 0.0000007778 -0.0000092432 0.0000047531 -0.0000005992 0.0000065135 0.0001729727 0.0000777337 -0.0000334994 0.0001243948 -0.0000448524 0.0002120370
1403715583.01214 0.991254 0.349073 -0.012633 0.850849 -0.012244 0.524383 0.030488 0.0000218233 0.0000007553 -0.0000094463 0.0000045572 -0.0000005793 0.0000067032 0.0001735743 0.0000772349 -0.0000334506 0.0001248441 -0.0000447227 0.0002115628
1403715583.06214 1.021343 0.358299 -0.024754 0.852743 -0.014842 0.521125 0.032200 0.0000215926 0.0000007895 -0.0000095688 0.0000043243 -0.0000005757 0.0000068091 0.0001739701 0.0000767396 -0.0000335117 0.0001253858 -0.0000444233 0.0002108699
1403715583.11214 1.055133 0.368661 -0.037701 0.852005 -0.018179 0.522187 0.032825 0.0000215924 0.0000007618 -0.0000095389 0.0000040555 -0.0000005705 0.0000067107 0.0001742742 0.0000761126 -0.0000336824 0.0001263175 -0.0000442516 0.0002101217
1403715583.16214 1.093643 0.380232 -0.049584 0.845847 -0.020486 0.531962 0.033762 0.0000219713 0.0000007604 -0.0000091910 0.0000038461 -0.0000005437 0.0000062385 0.0001749136 0.0000755417 -0.0000336193 0.0001275429 -0.0000439066 0.0002095629
1403715583.21214 1.133712 0.392413 -0.061516 0.837553 -0.023392 0.544833 0.033394 0.0000224708 0.0000007060 -0.0000087060 0.0000036454 -0.0000004975 0.0000056597 0.0001758336 0.0000748286 -0.0000334504 0.0001290741 -0.0000436247 0.0002091188
1403715583.26214 1.175292 0.405378 -0.072971 0.827235 -0.027013 0.560361 0.030796 0.0000230719 0.0000005359 -0.0000080774 0.0000034623 -0.0000004110 0.0000050202 0.0001768457 0.0000740905 -0.0000332391 0.0001308793 -0.0000434185 0.0002088535
1403715583.31214 1.218589 0.418120 -0.083701 0.816985 -0.030579 0.575185 0.027615 0.0000236320 0.0000003443 -0.0000074243 0.0000033025 -0.0000003227 0.0000044471 0.0001779624 0.0000733401 -0.0000328759 0.0001328994 -0.0000431781 0.0002088173
1403715583.36214 1.260242 0.430565 -0.094348 0.806270 -0.033916 0.590105 0.023562 0.0000241672 0.0000001031 -0.0000067145 0.0000031835 -0.0000002371 0.0000039127 0.0001795607 0.0000726409 -0.0000323753 0.0001351227 -0.0000429216 0.0002088828
1403715583.41214 1.301724 0.443951 -0.105915 0.795928 -0.036974 0.603953 0.019307 0.0000246199 -0.0000001538 -0.0000060363 0.0000031060 -0.0000001673 0.0000034742 0.0001814331 0.0000719742 -0.0000318378 0.0001374111 -0.0000426849 0.0002090087
1403715583.46214 1.340808 0.456548 -0.117684 0.786558 -0.038945 0.616087 0.015676 0.0000249981 -0.0000003485 -0.0000053977 0.0000030713 -0.0000001330 0.0000031255 0.0001836611 0.0000713799 -0.0000312958 0.0001398425 -0.0000424827 0.0002092533
1403715583.51214 1.377292 0.469037 -0.129483 0.777632 -0.039303 0.627342 0.013670 0.0000253266 -0.0000004476 -0.0000047718 0.0000030420 -0.0000001293 0.0000028274 0.0001859560 0.0000708491 -0.0000308310 0.0001421787 -0.0000422618 0.0002094027
1403715583.56214 1.408531 0.480493 -0.141691 0.768174 -0.039457 0.638924 0.011297 0.0000256245 -0.0000005475 -0.0000040953 0.0000030124 -0.0000001307 0.0000025500 0.0001880976 0.0000703554 -0.0000306381 0.0001443138 -0.0000420378 0.0002092960
1403715583.61214 1.436403 0.492621 -0.153215 0.754642 -0.038702 0.654920 0.009834 0.0000259673 -0.0000006091 -0.0000031334 0.0000030020 -0.0000001566 0.0000022444 0.0001902398 0.0000700159 -0.0000305357 0.0001462197 -0.0000418687 0.0002092494
1403715583.66214 1.458345 0.504150 -0.164786 0.739563 -0.036417 0.672013 0.010952 0.0000262534 -0.0000005225 -0.0000020391 0.0000029845 -0.0000002018 0.0000019959 0.0001919286 0.0000696489 -0.0000307577 0.0001478508 -0.0000417190 0.0002090370
1403715583.71214 1.473424 0.515460 -0.177348 0.724390 -0.033784 0.688459 0.011933 0.0000264378 -0.0000004325 -0.0000009476 0.0000029778 -0.0000002434 0.0000018557 0.0001934958 0.0000694073 -0.0000310585 0.0001491706 -0.0000416359 0.0002089203
1403715583.76214 1.479384 0.524970 -0.190406 0.710932 -0.030596 0.702472 0.013155 0.0000265106 -0.0000002929 0.0000000100 0.0000029423 -0.0000002756 0.0000018119 0.0001941526 0.0000690026 -0.0000318181 0.0001497621 -0.0000416701 0.0002086234
1403715583.81214 1.477126 0.535683 -0.202691 0.699306 -0.027741 0.714141 0.014286 0.0000265228 -0.0000001773 0.0000008137 0.0000029000 -0.0000003040 0.0000018323 0.0001938787 0.0000688497 -0.0000329627 0.0001498100 -0.0000417435 0.0002082088
1403715583.86214 1.462879 0.545833 -0.211766 0.691013 -0.026222 0.722249 0.013064 0.0000264989 -0.0000001767 0.0000013577 0.0000028386 -0.0000003337 0.0000018495 0.0001908959 0.0000689794 -0.0000354394 0.0001490830 -0.0000415865 0.0002069459
1403715583.91214 1.436549 0.555761 -0.218207 0.688701 -0.026403 0.724488 0.010530 0.0000265044 -0.0000002821 0.0000015126 0.0000027736 -0.0000003665 0.0000018646 0.0001881989 0.0000689445 -0.0000370245 0.0001476525 -0.0000417942 0.0002065635
1403715583.96214 1.397775 0.566031 -0.220111 0.689990 -0.028328 0.723244 0.005481 0.0000265390 -0.0000005313 0.0000013989 0.0000027081 -0.0000004066 0.0000018524 0.0001850402 0.0000690070 -0.0000383915 0.0001455706 -0.0000420495 0.0002063145
1403715584.01214 1.344449 0.575730 -0.218690 -0.694881 0.031608 -0.718427 0.001678 0.0000265807 -0.0000009066 0.0000010363 0.0000026407 -0.0000004428 0.0000018167 0.0001813134 0.0000692570 -0.0000394855 0.0001428355 -0.0000422539 0.0002060916
1403715584.06214 1.286642 0.584342 -0.210792 -0.703642 0.035504 -0.709615 0.008595 0.0000266094 -0.0000012927 0.0000004002 0.0000025828 -0.0000004517 0.0000017818 0.0001785345 0.0000696255 -0.0000399942 0.0001393899 -0.0000424809 0.0002060658
1403715584.11214 1.219534 0.591666 -0.199099 -0.716232 0.040040 -0.696521 0.016335 0.0000265818 -0.0000017406 -0.0000005239 0.0000025602 -0.0000004216 0.0000017881 0.0001766808 0.0000702371 -0.0000402381 0.0001361215 -0.0000426526 0.0002061202
1403715584.16214 1.142695 0.597160 -0.183783 -0.731520 0.044084 -0.680033 0.022125 0.0000264603 -0.0000021024 -0.0000016497 0.0000025514 -0.0000003435 0.0000018869 0.0001754349 0.0000711853 -0.0000403462 0.0001327498 -0.0000428423 0.0002062391
1403715584.21214 1.058744 0.600417 -0.164172 -0.748623 0.048203 -0.660617 0.028725 0.0000261814 -0.0000024921 -0.0000029290 0.0000025548 -0.0000002150 0.0000021240 0.0001744605 0.0000724028 -0.0000403427 0.0001292940 -0.0000429859 0.0002063690
1403715584.26214 0.969094 0.601157 -0.141980 -0.768467 0.050646 -0.637072 0.032134 0.0000257175 -0.0000026979 -0.0000044028 0.0000025661 -0.0000000431 0.0000025774 0.0001737927 0.0000738872 -0.0000401953 0.0001261225 -0.0000431722 0.0002066459
1403715584.31214 0.875481 0.600210 -0.120660 -0.786646 0.051550 -0.614283 0.034460 0.0000251384 -0.0000028065 -0.0000057235 0.0000025625 0.0000001209 0.0000031638 0.0001733142 0.0000755283 -0.0000399593 0.0001232956 -0.0000433609 0.0002069846
1403715584.36214 0.781634 0.596175 -0.101051 -0.801256 0.052753 -0.594831 0.037167 0.0000245284 -0.0000029222 -0.0000067861 0.0000025826 0.0000002800 0.0000037814 0.0001730055 0.0000772581 -0.0000395952 0.0001209440 -0.0000435480 0.0002074615
1403715584.41214 0.687420 0.590165 -0.086156 -0.813339 0.051838 -0.578331 0.036399 0.0000239935 -0.0000028573 -0.0000076228 0.0000025616 0.0000003662 0.0000043676 0.0001727481 0.0000790088 -0.0000391344 0.0001191240 -0.0000437301 0.0002080000
1403715584.46214 0.592987 0.581195 -0.077052 -0.822752 0.050323 -0.565129 0.034280 0.0000235596 -0.0000027307 -0.0000082481 0.0000025289 0.0000003995 0.0000048703 0.0001725998 0.0000807380 -0.0000385869 0.0001178356 -0.0000439053 0.0002086075
1403715584.51214 0.500514 0.569809 -0.070841 -0.829051 0.048974 -0.556072 0.032551 0.0000232508 -0.0000026290 -0.0000086637 0.0000025049 0.0000004101 0.0000052388 0.0001724539 0.0000824482 -0.0000379562 0.0001170729 -0.0000440603 0.0002092704
1403715584.56214 0.410118 0.556525 -0.065037 -0.834255 0.047674 -0.548446 0.030872 0.0000229859 -0.0000025365 -0.0000090045 0.0000024870 0.0000004127 0.0000055635 0.0001723838 0.0000840579 -0.0000372450 0.0001168609 -0.0000442075 0.0002099760
1403715584.61214 0.322143 0.541004 -0.059197 -0.837911 0.045789 -0.543175 0.027729 0.0000228286 -0.0000023799 -0.0000092412 0.0000024608 0.0000003701 0.0000057903 0.0001723186 0.0000855886 -0.0000365111 0.0001171035 -0.0000443165 0.0002106539
1403715584.66214 0.236646 0.523101 -0.052697 -0.841311 0.041023 -0.538570 0.021323 0.0000227287 -0.0000020320 -0.0000094554 0.0000024060 0.0000002342 0.0000059979 0.0001723490 0.0000869914 -0.0000356784 0.0001178177 -0.0000444367 0.0002113660
1403715584.71214 0.153820 0.503199 -0.046025 -0.844844 0.033554 -0.533838 0.011368 0.0000226374 -0.0000014825 -0.0000096699 0.0000023340 0.0000000003 0.0000062090 0.0001724037 0.0000882910 -0.0000348225 0.0001189275 -0.0000445257 0.0002120174
1403715584.76214 0.075005 0.481597 -0.038321 -0.848034 0.027104 -0.529245 0.001848 0.0000225273 -0.0000009730 -0.0000098590 0.0000022977 -0.0000002270 0.0000064059 0.0001726286 0.0000894415 -0.0000339013 0.0001204262 -0.0000446128 0.0002126841
1403715584.81214 -0.001228 0.460289 -0.031253 0.849732 -0.022281 0.526707 0.006213 0.0000224757 -0.0000005733 -0.0000099651 0.0000022582 -0.0000003972 0.0000064959 0.0001725942 0.0000905274 -0.0000332372 0.0001221977 -0.0000446110 0.0002129363
1403715584.86214 -0.074486 0.438449 -0.024552 0.851150 -0.019041 0.524425 0.012630 0.0000224230 -0.0000002555 -0.0000100552 0.0000022231 -0.0000005233 0.0000065718 0.0001728207 0.0000915683 -0.0000326217 0.0001241896 -0.0000445407 0.0002130543
1403715584.91214 -0.144517 0.417256 -0.016641 0.853777 -0.015582 0.520057 0.019065 0.0000222691 0.0000000777 -0.0000102151 0.0000021729 -0.0000006558 0.0000067442 0.0001729448 0.0000925121 -0.0000321479 0.0001264974 -0.0000445203 0.0002128801
1403715584.96214 -0.211673 0.396871 -0.010281 0.857115 -0.010247 0.514250 0.028213 0.0000220022 0.0000005697 -0.0000104192 0.0000021007 -0.0000008600 0.0000069851 0.0001729263 0.0000936282 -0.0000321595 0.0001285624 -0.0000441542 0.0002121569
1403715585.01214 -0.275848 0.377608 -0.004689 0.861912 -0.007679 0.505877 0.033712 0.0000216193 0.0000008393 -0.0000106935 0.0000020783 -0.0000010007 0.0000073647 0.0001734475 0.0000943678 -0.0000317402 0.0001311767 -0.0000441317 0.0002119940
1403715585.06214 -0.336646 0.359701 -0.000525 0.866996 -0.008074 0.496959 0.035833 0.0000211949 0.0000009156 -0.0000109870 0.0000020050 -0.0000010356 0.0000077933 0.0001737147 0.0000951843 -0.0000317246 0.0001338140 -0.0000439783 0.0002113888
1403715585.11214 -0.391130 0.343048 0.004918 0.871862 -0.010376 0.488344 0.035627 0.0000207900 0.0000008678 -0.0000112548 0.0000019446 -0.0000010124 0.0000082187 0.0001743343 0.0000959252 -0.0000315484 0.0001365058 -0.0000437611 0.0002110629
1403715585.16214 -0.441510 0.327780 0.009700 0.875856 -0.011837 0.481082 0.036006 0.0000204375 0.0000008495 -0.0000114730 0.0000018854 -0.0000010113 0.0000085979 0.0001750708 0.0000964409 -0.0000313761 0.0001392551 -0.0000437194 0.0002107335
1403715585.21214 -0.484687 0.313796 0.017199 0.877877 -0.014113 0.477449 0.034286 0.0000202403 0.0000007599 -0.0000115763 0.0000017666 -0.0000009379 0.0000087748 0.0001752333 0.0000972315 -0.0000318437 0.0001410635 -0.0000433669 0.0002097320
1403715585.26214 -0.520174 0.300864 0.026349 0.877031 -0.013851 0.478980 0.034672 0.0000203311 0.0000007925 -0.0000115398 0.0000016884 -0.0000009386 0.0000086869 0.0001755379 0.0000976984 -0.0000321683 0.0001431726 -0.0000433674 0.0002090538
1403715585.31214 -0.548455 0.291802 0.038506 0.873427 -0.014322 0.485568 0.033812 0.0000206045 0.0000007900 -0.0000113454 0.0000014628 -0.0000008684 0.0000083183 0.0001738947 0.0000981519 -0.0000342083 0.0001433435 -0.0000431476 0.0002064427
1403715585.36214 -0.572094 0.281795 0.049483 0.868607 -0.011845 0.494112 0.035148 0.0000210513 0.0000009024 -0.0000111024 0.0000014357 -0.0000009054 0.0000078819 0.0001742207 0.0000983349 -0.0000344239 0.0001451288 -0.0000432718 0.0002061837
1403715585.41214 -0.590379 0.272957 0.060881 0.863685 -0.009977 0.502660 0.035807 0.0000215022 0.0000009791 -0.0000108343 0.0000013943 -0.0000009152 0.0000074385 0.0001741821 0.0000984024 -0.0000348703 0.0001466575 -0.0000433780 0.0002057889
1403715585.46214 -0.609479 0.264914 0.070018 0.859436 -0.008034 0.509899 0.036165 0.0000217081 0.0000010619 -0.0000105790 0.0000012195 -0.0000008997 0.0000070724 0.0001710194 0.0000981330 -0.0000374700 0.0001451760 -0.0000433534 0.0002036188
1403715585.51214 -0.619107 0.259988 0.081563 0.854654 -0.005432 0.517820 0.037419 0.0000221169 0.0000011778 -0.0000102837 0.0000012143 -0.0000009304 0.0000066590 0.0001710037 0.0000981480 -0.0000377056 0.0001465061 -0.0000434949 0.0002035767
1403715585.56214 -0.626754 0.257036 0.092008 0.849195 -0.002543 0.526644 0.038826 0.0000225260 0.0000013049 -0.0000099537 0.0000011918 -0.0000009577 0.0000062321 0.0001706095 0.0000980817 -0.0000382474 0.0001471559 -0.0000436911 0.0002032987
1403715585.61214 -0.630581 0.255436 0.101791 0.845319 -0.000288 0.532786 0.039675 0.0000228158 0.0000013983 -0.0000097066 0.0000011849 -0.0000009759 0.0000059348 0.0001704523 0.0000980152 -0.0000385831 0.0001477970 -0.0000438974 0.0002032238
1403715585.66214 -0.639159 0.253720 0.105710 0.841960 0.001642 0.538040 0.040165 0.0000228280 0.0000014529 -0.0000094743 0.0000010941 -0.0000009586 0.0000056944 0.0001673481 0.0000971901 -0.0000405687 0.0001444764 -0.0000442143 0.0002019135
1403715585.71214 -0.638954 0.254625 0.111815 0.841212 0.002748 0.539191 0.040349 0.0000229052 0.0000014976 -0.0000094049 0.0000011016 -0.0000009732 0.0000056134 0.0001673814 0.0000972915 -0.0000406663 0.0001452862 -0.0000442945 0.0002020675
1403715585.76214 -0.636736 0.257086 0.114967 0.840912 0.003080 0.539698 0.039783 0.0000229423 0.0000014794 -0.0000093875 0.0000011017 -0.0000009667 0.0000055852 0.0001674562 0.0000973282 -0.0000407198 0.0001456524 -0.0000443934 0.0002022335
1403715585.81214 -0.633196 0.261191 0.112704 0.840942 0.000981 0.539909 0.036249 0.0000229789 0.0000012759 -0.0000094003 0.0000010759 -0.0000008820 0.0000055823 0.0001674746 0.0000973247 -0.0000407905 0.0001458583 -0.0000444858 0.0002023796
1403715585.86214 -0.628462 0.268089 0.102797 0.841462 -0.002250 0.539385 0.031628 0.0000228946 0.0000010157 -0.0000094289 0.0000010129 -0.0000007660 0.0000056079 0.0001655961 0.0000963416 -0.0000415312 0.0001441375 -0.0000442320 0.0002018147
1403715585.91214 -0.622586 0.274095 0.088674 0.842105 -0.008887 0.538771 0.022486 0.0000228912 0.0000004763 -0.0000094860 0.0000009765 -0.0000005341 0.0000056500 0.0001656636 0.0000964193 -0.0000415174 0.0001440374 -0.0000441857 0.0002019728
1403715585.96214 -0.614641 0.280799 0.072522 0.842427 -0.016969 0.538403 0.012288 0.0000228693 -0.0000001436 -0.0000095249 0.0000009663 -0.0000002637 0.0000056791 0.0001656485 0.0000963888 -0.0000414749 0.0001437474 -0.0000441000 0.0002020896
1403715586.01214 -0.604878 0.287249 0.056381 -0.842156 0.027156 -0.538550 0.000674 0.0000228262 -0.0000009291 -0.0000095252 0.0000010020 0.0000000823 0.0000056779 0.0001656076 0.0000963153 -0.0000414163 0.0001432144 -0.0000439894 0.0002021702
1403715586.06214 -0.592565 0.292881 0.043281 -0.839468 0.036878 -0.542016 0.012323 0.0000228935 -0.0000016525 -0.0000093662 0.0000010849 0.0000003871 0.0000055145 0.0001655325 0.0000961829 -0.0000413540 0.0001425131 -0.0000438746 0.0002022118
1403715586.11214 -0.578188 0.295855 0.034833 -0.832055 0.043181 -0.552678 0.019147 0.0000232833 -0.0000021129 -0.0000088927 0.0000011609 0.0000005270 0.0000050379 0.0001654123 0.0000960217 -0.0000413227 0.0001417917 -0.0000437740 0.0002021968
1403715586.16214 -0.562973 0.296350 0.029743 -0.824278 0.044936 -0.564032 0.020360 0.0000237388 -0.0000022368 -0.0000083793 0.0000011854 0.0000005099 0.0000045611 0.0001653172 0.0000958487 -0.0000412372 0.0001412544 -0.0000436837 0.0002022087
1403715586.21214 -0.548126 0.294889 0.028044 -0.817383 0.042727 -0.574278 0.016259 0.0000241776 -0.0000020367 -0.0000079043 0.0000011512 0.0000003807 0.0000041551 0.0001651819 0.0000956450 -0.0000411563 0.0001406953 -0.0000435860 0.0002021839
1403715586.26214 -0.534338 0.291933 0.028565 -0.811683 0.036811 -0.582895 0.007034 0.0000245463 -0.0000015029 -0.0000074959 0.0000010708 0.0000001680 0.0000038298 0.0001648864 0.0000955247 -0.0000412511 0.0001398029 -0.0000432503 0.0002018306
1403715586.31214 -0.521308 0.287286 0.029942 0.807613 -0.028981 0.588984 0.004385 0.0000248295 -0.0000008251 -0.0000071891 0.0000010132 -0.0000000632 0.0000036023 0.0001647440 0.0000953276 -0.0000411610 0.0001393767 -0.0000431771 0.0002017825
1403715586.36214 -0.508860 0.282123 0.032735 0.803302 -0.020227 0.594990 0.016868 0.0000250779 -0.0000000716 -0.0000068559 0.0000009953 -0.0000002941 0.0000033759 0.0001645955 0.0000951147 -0.0000410750 0.0001390600 -0.0000431917 0.0002017329
1403715586.41214 -0.497694 0.277489 0.034869 0.798897 -0.012876 0.600703 0.027464 0.0000252653 0.0000005702 -0.0000065203 0.0000010175 -0.0000004689 0.0000031655 0.0001644549 0.0000949214 -0.0000409928 0.0001386982 -0.0000432069 0.0002016647
1403715586.46214 -0.487848 0.274417 0.037028 0.794661 -0.007430 0.606015 0.034706 0.0000253905 0.0000010157 -0.0000061912 0.0000010510 -0.0000005727 0.0000029755 0.0001642710 0.0000946068 -0.0000410015 0.0001379080 -0.0000434135 0.0002014429
1403715586.51214 -0.478378 0.278130 0.040889 0.791444 -0.004211 0.609920 0.039940 0.0000253526 0.0000013021 -0.0000059259 0.0000010793 -0.0000006293 0.0000028334 0.0001639630 0.0000937949 -0.0000411194 0.0001349843 -0.0000438579 0.0002010384
1403715586.56214 -0.473171 0.276176 0.041804 0.789057 -0.002670 0.612904 0.041602 0.0000254244 0.0000014110 -0.0000057553 0.0000010953 -0.0000006437 0.0000027397 0.0001640169 0.0000938510 -0.0000410569 0.0001347916 -0.0000438654 0.0002009969
1403715586.61214 -0.469595 0.278454 0.043588 0.787695 -0.002352 0.614603 0.042367 0.0000254351 0.0000014452 -0.0000056510 0.0000011010 -0.0000006434 0.0000026836 0.0001639078 0.0000936527 -0.0000410345 0.0001341614 -0.0000439444 0.0002008997
1403715586.66214 -0.468866 0.281521 0.044690 0.788635 -0.002943 0.613389 0.042422 0.0000253183 0.0000014211 -0.0000057142 0.0000010982 -0.0000006397 0.0000027107 0.0001638298 0.0000934341 -0.0000411109 0.0001327088 -0.0000441946 0.0002006604
1403715586.71214 -0.471279 0.284049 0.044724 0.791044 -0.005429 0.610458 0.039524 0.0000252321 0.0000012314 -0.0000058989 0.0000010768 -0.0000006027 0.0000027990 0.0001638731 0.0000935544 -0.0000410782 0.0001327164 -0.0000441568 0.0002005876
1403715586.76214 -0.476028 0.288009 0.044571 0.795800 -0.009697 0.604490 0.034644 0.0000250491 0.0000009125 -0.0000062596 0.0000010457 -0.0000005369 0.0000029885 0.0001639041 0.0000936981 -0.0000410606 0.0001327791 -0.0000441007 0.0002005018
1403715586.81214 -0.482745 0.292879 0.044384 0.802533 -0.015008 0.595732 0.028616 0.0000247550 0.0000005232 -0.0000067616 0.0000010180 -0.0000004446 0.0000032810 0.0001639575 0.0000938932 -0.0000410575 0.0001328550 -0.0000440344 0.0002004113
1403715586.86214 -0.490745 0.298480 0.044422 0.809958 -0.020109 0.585689 0.023044 0.0000243842 0.0000001651 -0.0000073035 0.0000010020 -0.0000003435 0.0000036353 0.0001640171 0.0000941132 -0.0000410659 0.0001329337 -0.0000439658 0.0002003184
1403715586.91214 -0.499390 0.304349 0.045339 0.816552 -0.024132 0.576441 0.019402 0.0000240132 -0.0000000811 -0.0000077753 0.0000009959 -0.0000002612 0.0000039785 0.0001640866 0.0000943495 -0.0000410817 0.0001330141 -0.0000439059 0.0002002311
1403715586.96214 -0.508276 0.310417 0.046942 0.821353 -0.026819 0.569512 0.017770 0.0000237177 -0.0000002095 -0.0000081105 0.0000009929 -0.0000002106 0.0000042433 0.0001641582 0.0000945814 -0.0000410999 0.0001331020 -0.0000438630 0.0002001535
1403715587.01214 -0.517159 0.316424 0.049026 0.824007 -0.028966 0.565590 0.016762 0.0000235360 -0.0000003009 -0.0000082934 0.0000009906 -0.0000001712 0.0000043950 0.0001642387 0.0000948085 -0.0000411187 0.0001332063 -0.0000438404 0.0002000896
1403715587.06214 -0.525786 0.322143 0.051139 0.825286 -0.030808 0.563643 0.016138 0.0000234338 -0.0000003721 -0.0000083810 0.0000009889 -0.0000001395 0.0000044684 0.0001643179 0.0000950124 -0.0000411412 0.0001333159 -0.0000438419 0.0002000298
1403715587.11214 -0.533248 0.328228 0.054602 0.824548 -0.031681 0.564660 0.016576 0.0000234502 -0.0000003810 -0.0000083273 0.0000009857 -0.0000001337 0.0000044195 0.0001643305 0.0000950827 -0.0000412281 0.0001332387 -0.0000439538 0.0001998852
1403715587.16214 -0.540717 0.333353 0.059312 0.821488 -0.029403 0.569120 0.019877 0.0000236070 -0.0000001992 -0.0000081066 0.0000009784 -0.0000002001 0.0000042306 0.0001643937 0.0000951449 -0.0000412196 0.0001330715 -0.0000439536 0.0001998623
1403715587.21214 -0.547564 0.339063 0.065739 0.816881 -0.026201 0.575744 0.023217 0.0000238551 0.0000000116 -0.0000077771 0.0000009752 -0.0000002714 0.0000039632 0.0001645044 0.0000953073 -0.0000412101 0.0001332326 -0.0000439695 0.0001998426
1403715587.26214 -0.554061 0.346364 0.073052 0.813135 -0.023226 0.581045 0.025668 0.0000240363 0.0000001832 -0.0000075035 0.0000009740 -0.0000003230 0.0000037551 0.0001645852 0.0000953957 -0.0000412735 0.0001332533 -0.0000440847 0.0001997405
1403715587.31214 -0.561272 0.353277 0.080616 0.810114 -0.020649 0.585325 0.026166 0.0000241783 0.0000002728 -0.0000072823 0.0000009728 -0.0000003449 0.0000035951 0.0001647870 0.0000956174 -0.0000412632 0.0001334527 -0.0000440994 0.0001997419
1403715587.36214 -0.569267 0.361060 0.087866 0.808375 -0.020760 0.587891 0.021988 0.0000242553 0.0000001038 -0.0000071581 0.0000009650 -0.0000002860 0.0000035083 0.0001649908 0.0000958436 -0.0000412588 0.0001337349 -0.0000441126 0.0001997451
1403715587.41214 -0.578209 0.369352 0.094930 0.806556 -0.022787 0.590519 0.015316 0.0000243283 -0.0000002189 -0.0000070323 0.0000009603 -0.0000001823 0.0000034227 0.0001651980 0.0000960797 -0.0000412788 0.0001340665 -0.0000441302 0.0001997240
1403715587.46214 -0.588042 0.377534 0.101934 0.806105 -0.026260 0.591133 0.008099 0.0000243222 -0.0000006021 -0.0000070055 0.0000009686 -0.0000000627 0.0000034053 0.0001654270 0.0000963339 -0.0000412875 0.0001344692 -0.0000441413 0.0001997322
1403715587.51214 -0.599573 0.384742 0.108425 0.806647 -0.031367 0.590198 0.001658 0.0000242493 -0.0000010012 -0.0000070547 0.0000009904 0.0000000644 0.0000034380 0.0001655746 0.0000965586 -0.0000413911 0.0001349026 -0.0000441833 0.0001996360
1403715587.56214 -0.611798 0.390676 0.115962 -0.807115 0.039130 -0.589077 0.004730 0.0000241535 -0.0000014703 -0.0000071033 0.0000010387 0.0000002133 0.0000034719 0.0001657624 0.0000967911 -0.0000414029 0.0001354598 -0.0000442005 0.0001996607
1403715587.61214 -0.625472 0.394823 0.123555 -0.808022 0.048898 -0.587038 0.009772 0.0000240033 -0.0000019410 -0.0000071970 0.0000011090 0.0000003694 0.0000035375 0.0001659030 0.0000970003 -0.0000414326 0.0001360364 -0.0000442047 0.0001996550
1403715587.66214 -0.640120 0.396519 0.131752 -0.809261 0.059614 -0.584285 0.012436 0.0000238221 -0.0000023380 -0.0000073237 0.0000011866 0.0000005105 0.0000036272 0.0001659843 0.0000971636 -0.0000414648 0.0001367007 -0.0000442273 0.0001996501
1403715587.71214 -0.656108 0.395491 0.139389 -0.811401 0.070353 -0.580124 0.011639 0.0000235991 -0.0000025911 -0.0000075259 0.0000012478 0.0000006189 0.0000037714 0.0001659894 0.0000972735 -0.0000415122 0.0001373119 -0.0000442358 0.0001996136
1403715587.76214 -0.673079 0.390528 0.147700 -0.812612 0.082260 -0.576916 0.007964 0.0000234158 -0.0000027587 -0.0000076802 0.0000012956 0.0000006966 0.0000038827 0.0001659005 0.0000973183 -0.0000415658 0.0001379586 -0.0000441726 0.0001994982
1403715587.81214 -0.690191 0.382849 0.156533 -0.812531 0.095497 -0.575041 0.001667 0.0000233006 -0.0000028716 -0.0000077716 0.0000013382 0.0000007455 0.0000039424 0.0001657644 0.0000972795 -0.0000415576 0.0001387445 -0.0000442102 0.0001995326
1403715587.86214 -0.707698 0.371615 0.165972 0.811117 -0.109019 0.574583 0.007659 0.0000232666 -0.0000028840 -0.0000077944 0.0000013572 0.0000007480 0.0000039411 0.0001655577 0.0000971708 -0.0000415540 0.0001395000 -0.0000442564 0.0001995368
1403715587.91214 -0.725875 0.356978 0.175548 0.808904 -0.121922 0.574766 0.021312 0.0000233089 -0.0000027251 -0.0000077826 0.0000013359 0.0000006832 0.0000039029 0.0001652821 0.0000969703 -0.0000415323 0.0001402540 -0.0000442888 0.0001995428
1403715587.96214 -0.745071 0.338817 0.184751 0.804671 -0.134375 0.577063 0.038039 0.0000234713 -0.0000024616 -0.0000076477 0.0000012952 0.0000005660 0.0000037637 0.0001649612 0.0000966843 -0.0000415068 0.0001410474 -0.0000443462 0.0001995443
1403715588.01214 -0.765234 0.320773 0.194016 0.799266 -0.146640 0.580112 0.056041 0.0000236783 -0.0000021644 -0.0000074432 0.0000012550 0.0000004372 0.0000035749 0.0001645958 0.0000963317 -0.0000414797 0.0001418582 -0.0000443950 0.0001995388
1403715588.06214 -0.786173 0.302332 0.202662 0.792706 -0.159096 0.583756 0.074402 0.0000239288 -0.0000018712 -0.0000071764 0.0000012269 0.0000003125 0.0000033512 0.0001643619 0.0000959994 -0.0000414022 0.0001431631 -0.0000443526 0.0001996367
1403715588.11214 -0.808346 0.283188 0.209126 0.785931 -0.171646 0.586757 0.092548 0.0000241551 -0.0000015914 -0.0000069120 0.0000012059 0.0000002069 0.0000031391 0.0001641497 0.0000957117 -0.0000413619 0.0001446541 -0.0000441382 0.0001996774
1403715588.16214 -0.832183 0.263303 0.211616 0.778545 -0.184791 0.589574 0.110108 0.0000243844 -0.0000013690 -0.0000066204 0.0000012028 0.0000001227 0.0000029243 0.0001640205 0.0000953493 -0.0000412518 0.0001464945 -0.0000440529 0.0001998497
1403715588.21214 -0.857624 0.242927 0.208675 0.770960 -0.198309 0.591830 0.126614 0.0000245877 -0.0000012092 -0.0000063394 0.0000012096 0.0000000658 0.0000027299 0.0001639725 0.0000949586 -0.0000411431 0.0001484603 -0.0000439448 0.0002000381
1403715588.26214 -0.884338 0.222603 0.198700 0.763680 -0.213123 0.592897 0.140871 0.0000247317 -0.0000011677 -0.0000061254 0.0000012262 0.0000000508 0.0000025826 0.0001639864 0.0000945846 -0.0000410058 0.0001505656 -0.0000438184 0.0002001691
1403715588.31214 -0.913087 0.202271 0.183261 0.757087 -0.228845 0.592437 0.153191 0.0000248170 -0.0000012116 -0.0000060017 0.0000012486 0.0000000650 0.0000024902 0.0001640919 0.0000941868 -0.0000408679 0.0001528430 -0.0000436664 0.0002003013
1403715588.36214 -0.943615 0.183142 0.164551 0.750855 -0.244192 0.591089 0.164925 0.0000248760 -0.0000012596 -0.0000059194 0.0000012640 0.0000000841 0.0000024206 0.0001642341 0.0000937797 -0.0000407318 0.0001552390 -0.0000434359 0.0002003713
1403715588.41214 -0.977207 0.164714 0.145636 0.745097 -0.258642 0.588741 0.176970 0.0000249224 -0.0000012568 -0.0000058739 0.0000012753 0.0000000897 0.0000023739 0.0001645019 0.0000933525 -0.0000405461 0.0001579251 -0.0000432721 0.0002005598
