0.73715
-0.414122
2.20091
1.35536
1.42541
1.91407
0.82934
0.0975833
1.62323
0.939199
0.0947807
1.58482
0.168655
-0.329616
0.955198
-0.411028
0.575479
1.12138
-0.365442
0.544019
1.08287
-0.246382
0.45953
0.981913
-0.257233
0.520556
1.01276
0.159333
0.680669
1.2896
0.177957
0.643547
1.24901
-0.00558783
0.536237
1.03675
1.43674
4.93536
4.84757
1.05149
1.42658
2.38179
-0.407091
0.130065
0.823866
-0.309347
0.356162
0.947166
-0.341238
0.316002
0.946893
-0.235126
0.333241
0.908805
-0.252385
0.42669
0.963058
0.0357669
0.17691
0.90948
-0.00712124
0.265682
0.965479
-9.22907e-05
0.151372
0.849237
-0.333016
-0.0232453
0.692297
-0.327817
0.0333842
0.727392
1.04505
1.06624
2.40193
0.00436553
-0.193656
0.826713
0.917109
-0.561767
1.61123
0.0301691
-0.158214
0.862399
0.960098
-0.674005
1.457
0.586658
0.365865
1.81849
0.987074
-0.594004
1.49574
0.715871
0.129131
1.71365
0.414406
0.317835
1.69176
0.448563
0.152771
1.83756
1.05021
1.17563
2.40892
0.418711
0.0243167
1.57303
0.0891294
-0.0746563
0.959896
0.923275
0.640206
2.10248
0.424492
-0.0594538
1.56657
0.0733986
-0.126766
0.898799
0.385862
0.375901
1.57828
0.186564
0.161923
1.12193
0.191323
0.0161902
1.16768
-0.120959
0.00414
0.716877
-0.217449
-0.179974
0.543135
-0.0848951
-0.237997
0.666585
-0.0900696
-0.269485
0.700231
-0.0686971
-0.218071
0.724132
0.0136382
-0.25524
0.826743
-0.00329126
-0.313089
0.805182
0.719321
-0.858158
1.47317
0.905944
-0.771985
1.37018
0.755568
-0.439288
2.11535
1.34039
1.94174
1.96882
0.818801
-0.593158
2.8813
1.60444
2.4758
2.20535
0.842346
-0.585523
1.87118
0.747651
-0.754493
1.6398
1.44771
0.810621
2.18373
0.920401
1.40061
2.26933
1.06925
1.47799
2.17271
0.789713
-0.713388
1.72917
-0.0746931
-0.125179
0.723732
-0.114423
-0.116499
0.668322
-0.688827
0.214824
-0.243571
8.32581
-0.231283
-5.183
