1.1948
0.760363
2.29101
1.34618
0.887244
2.15703
1.28362
2.09542
1.91484
1.25364
2.14095
1.8409
1.21123
1.59738
1.94166
1.2792
1.57033
1.8648
0.872722
0.229136
1.59061
0.744505
0.217522
1.60946
0.686987
-0.358756
2.54977
-0.343805
0.567571
1.04632
-0.425239
0.547189
1.03844
0.00543355
0.0136045
0.914727
-0.167938
0.0090613
0.716821
0.370407
0.402982
1.82793
0.400433
0.233372
1.98865
0.869986
1.15244
2.21238
-0.2388
-0.218357
0.636686
-0.207447
-0.0631561
0.639488
-0.186574
-0.195463
0.656344
0.848346
1.58195
2.25575
0.472702
0.413729
1.68501
0.595708
0.34155
1.62479
0.319083
0.41867
1.71042
-0.291556
0.638014
1.07272
-0.465396
0.648588
1.13955
0.0330628
0.239326
0.951149
-0.442933
0.42406
1.03721
-0.389537
0.215141
0.867187
-0.406077
0.291301
0.913265
-0.181654
0.195077
0.819045
-0.0730762
0.329511
0.998457
-0.17817
0.317039
0.879097
0.152639
0.490932
1.15036
-0.131947
-0.236689
0.670635
0.00253471
-0.209519
0.782207
-0.106289
-0.163738
0.731042
0.422899
0.0129641
1.44795
0.601934
-0.626882
1.54886
0.471041
-0.732024
1.27183
0.0651605
-0.117045
0.893002
-0.133054
-0.111799
0.691316
0.423646
0.0639903
1.44727
0.497826
-0.717952
1.32224
0.0195808
-0.194202
0.820256
0.528115
0.0604936
1.42693
0.0205091
-0.332152
0.82958
-0.0587669
-0.132758
0.813084
0.573849
-0.667005
1.33949
0.668272
-0.485579
1.70831
0.732405
-0.474928
1.45614
0.680556
-0.358389
1.74606
0.788474
-0.504025
1.35292
0.755435
-0.571274
1.30666
-0.770067
0.184762
-0.43699
8.43911
-0.39633
-4.98602
